time,U,sigma
0 days 00:00:00,8.3466,0.578
0 days 00:10:00,11.4565,0.5646
0 days 00:20:00,4.5406,0.3829
0 days 00:30:00,11.7408,0.4044
0 days 00:40:00,13.482,0.3626
0 days 00:50:00,12.9481,0.8802
0 days 01:00:00,5.6644,0.3902
0 days 01:10:00,11.7692,0.8045
0 days 01:20:00,11.6881,0.8411
0 days 01:30:00,5.8159,0.6057
0 days 01:40:00,9.5886,0.6763
0 days 01:50:00,6.0719,0.3854
0 days 02:00:00,9.3252,0.2527
0 days 02:10:00,11.3159,0.7277
0 days 02:20:00,8.9879,0.3649
0 days 02:30:00,9.7427,0.6249
0 days 02:40:00,20.4374,1.0249
0 days 02:50:00,11.0289,0.3831
0 days 03:00:00,8.1137,0.3173
0 days 03:10:00,7.7363,0.332
0 days 03:20:00,15.1885,0.4453
0 days 03:30:00,6.4414,0.3404
0 days 03:40:00,5.4699,0.4551
0 days 03:50:00,9.1159,0.389
0 days 04:00:00,3.8117,0.1607
0 days 04:10:00,7.5734,0.7371
0 days 04:20:00,11.7626,0.37
0 days 04:30:00,12.4381,0.2199
0 days 04:40:00,8.6562,0.5559
0 days 04:50:00,11.1919,0.8253
0 days 05:00:00,7.4698,0.4512
0 days 05:10:00,10.8944,0.565
0 days 05:20:00,16.0485,0.9213
0 days 05:30:00,7.256,0.5685
0 days 05:40:00,10.4253,0.3035
0 days 05:50:00,11.2247,0.5721
0 days 06:00:00,13.1279,0.8364
0 days 06:10:00,11.5767,0.3863
0 days 06:20:00,11.7815,0.6788
0 days 06:30:00,4.6282,0.5156
0 days 06:40:00,10.7482,0.41
0 days 06:50:00,13.5894,0.9227
0 days 07:00:00,12.5787,0.8724
0 days 07:10:00,6.4614,0.1871
0 days 07:20:00,4.6024,0.2677
0 days 07:30:00,15.008,0.9587
0 days 07:40:00,7.3414,0.5563
0 days 07:50:00,9.6754,0.5173
0 days 08:00:00,14.0353,1.6226
0 days 08:10:00,9.7354,0.7042
0 days 08:20:00,4.1646,0.8515
0 days 08:30:00,27.9309,2.5813
0 days 08:40:00,11.3635,1.0292
0 days 08:50:00,9.3399,0.3387
0 days 09:00:00,10.7899,0.5743
0 days 09:10:00,13.0835,0.5906
0 days 09:20:00,9.3524,0.4494
0 days 09:30:00,5.2852,0.5722
0 days 09:40:00,3.9786,0.4634
0 days 09:50:00,17.2813,0.8534
0 days 10:00:00,5.291,0.1187
0 days 10:10:00,12.6423,0.8208
0 days 10:20:00,13.5956,0.9137
0 days 10:30:00,11.5173,0.719
0 days 10:40:00,10.3308,0.5571
0 days 10:50:00,14.8658,0.5879
0 days 11:00:00,9.1224,0.4756
0 days 11:10:00,11.0479,0.4551
0 days 11:20:00,5.3527,0.6046
0 days 11:30:00,4.2216,0.2258
0 days 11:40:00,10.7806,0.4644
0 days 11:50:00,7.3592,0.3967
0 days 12:00:00,6.8392,0.5082
0 days 12:10:00,13.7459,0.4009
0 days 12:20:00,20.5639,1.6189
0 days 12:30:00,9.56,1.0431
0 days 12:40:00,16.2485,0.8197
0 days 12:50:00,13.2483,0.6392
0 days 13:00:00,8.2722,0.4959
0 days 13:10:00,8.7499,0.4113
0 days 13:20:00,13.8134,0.6859
0 days 13:30:00,8.7527,0.4656
0 days 13:40:00,6.7381,0.5217
0 days 13:50:00,4.7866,0.4737
0 days 14:00:00,6.6552,0.5965
0 days 14:10:00,11.6069,0.8995
0 days 14:20:00,5.0663,0.7075
0 days 14:30:00,24.1225,1.846
0 days 14:40:00,7.3301,0.608
0 days 14:50:00,10.1868,1.2133
0 days 15:00:00,11.0079,0.3495
0 days 15:10:00,13.3606,1.1247
0 days 15:20:00,5.9602,0.5282
0 days 15:30:00,3.3921,0.3765
0 days 15:40:00,11.9236,0.469
0 days 15:50:00,6.3311,0.5129
0 days 16:00:00,11.1241,0.302
0 days 16:10:00,17.8561,1.3755
0 days 16:20:00,9.8858,0.7894
0 days 16:30:00,10.9439,0.7453
0 days 16:40:00,6.7034,0.5342
0 days 16:50:00,16.0617,1.2638
0 days 17:00:00,13.0181,1.0174
0 days 17:10:00,18.5067,1.1981
0 days 17:20:00,11.2509,0.6738
0 days 17:30:00,7.4299,0.8376
0 days 17:40:00,11.5063,0.6286
0 days 17:50:00,15.0008,0.6033
0 days 18:00:00,7.2976,0.4761
0 days 18:10:00,15.1617,0.3686
0 days 18:20:00,8.1525,0.607
0 days 18:30:00,11.5157,0.7694
0 days 18:40:00,8.1856,0.7805
0 days 18:50:00,11.666,1.0728
0 days 19:00:00,7.5668,0.2902
0 days 19:10:00,10.7453,0.6718
0 days 19:20:00,22.9546,2.2157
0 days 19:30:00,11.005,0.6786
0 days 19:40:00,13.64,1.031
0 days 19:50:00,7.3734,0.2638
0 days 20:00:00,8.0874,0.3889
0 days 20:10:00,15.2919,1.1714
0 days 20:20:00,8.706,0.5591
0 days 20:30:00,11.7016,0.794
0 days 20:40:00,9.1784,0.4951
0 days 20:50:00,8.848,0.4191
0 days 21:00:00,10.3438,0.9595
0 days 21:10:00,13.4801,0.9344
0 days 21:20:00,9.9191,0.4471
0 days 21:30:00,9.6792,0.5395
0 days 21:40:00,6.6203,0.6581
0 days 21:50:00,12.137,0.7285
0 days 22:00:00,3.9491,0.4068
0 days 22:10:00,4.9621,0.6842
0 days 22:20:00,11.7104,0.9918
0 days 22:30:00,2.7775,0.1348
0 days 22:40:00,10.4736,0.171
0 days 22:50:00,15.3079,0.8151
0 days 23:00:00,12.9708,0.4951
0 days 23:10:00,3.9631,0.3801
0 days 23:20:00,4.2603,0.1753
0 days 23:30:00,16.0307,0.6505
0 days 23:40:00,14.0369,0.6646
0 days 23:50:00,18.3545,0.996
1 days 00:00:00,10.682,0.4331
1 days 00:10:00,7.7825,0.644
1 days 00:20:00,20.1052,1.3732
1 days 00:30:00,8.5766,0.2761
1 days 00:40:00,8.7406,0.2098
1 days 00:50:00,6.2154,0.4995
1 days 01:00:00,8.5509,0.9384
1 days 01:10:00,13.1541,0.754
1 days 01:20:00,10.1289,0.3907
1 days 01:30:00,13.5328,1.1723
1 days 01:40:00,6.1485,0.3988
1 days 01:50:00,18.0945,1.3319
1 days 02:00:00,12.0824,0.2653
1 days 02:10:00,4.041,0.4368
1 days 02:20:00,10.224,0.618
1 days 02:30:00,8.7241,0.693
1 days 02:40:00,15.4052,0.7407
1 days 02:50:00,6.2622,0.2721
1 days 03:00:00,12.8257,0.6483
1 days 03:10:00,12.4204,0.9309
1 days 03:20:00,13.9542,0.9541
1 days 03:30:00,6.3485,0.3352
1 days 03:40:00,9.3433,0.5203
1 days 03:50:00,6.0845,0.6136
1 days 04:00:00,12.2801,0.402
1 days 04:10:00,21.5555,1.9613
1 days 04:20:00,2.7371,0.1891
1 days 04:30:00,10.5783,0.826
1 days 04:40:00,12.1002,1.1206
1 days 04:50:00,20.5663,0.9465
1 days 05:00:00,15.8203,1.9307
1 days 05:10:00,3.2902,0.297
1 days 05:20:00,16.3995,1.2723
1 days 05:30:00,3.2682,0.1168
1 days 05:40:00,14.1309,0.7467
1 days 05:50:00,21.6136,1.8291
1 days 06:00:00,4.3697,0.511
1 days 06:10:00,12.1786,1.5426
1 days 06:20:00,4.8481,0.5303
1 days 06:30:00,14.1769,1.2553
1 days 06:40:00,14.5674,0.8396
1 days 06:50:00,9.1884,0.5635
1 days 07:00:00,4.2837,0.451
1 days 07:10:00,10.4415,0.6588
1 days 07:20:00,14.5773,0.6083
1 days 07:30:00,21.637,1.1888
1 days 07:40:00,7.2373,0.3243
1 days 07:50:00,9.8638,0.3584
1 days 08:00:00,14.4686,0.2922
1 days 08:10:00,14.1177,0.8819
1 days 08:20:00,5.0305,0.4757
1 days 08:30:00,7.8314,0.4134
1 days 08:40:00,6.6954,0.4643
1 days 08:50:00,18.7543,1.57
1 days 09:00:00,8.5468,0.5039
1 days 09:10:00,7.2039,0.5561
1 days 09:20:00,12.9528,0.6526
1 days 09:30:00,11.9458,0.5146
1 days 09:40:00,14.1282,0.9566
1 days 09:50:00,17.6012,2.2136
1 days 10:00:00,6.6982,0.5909
1 days 10:10:00,4.9439,0.2056
1 days 10:20:00,15.6645,1.1672
1 days 10:30:00,10.8268,1.1228
1 days 10:40:00,4.9135,0.2803
1 days 10:50:00,13.8516,0.834
1 days 11:00:00,6.0781,0.5631
1 days 11:10:00,13.6692,0.9935
1 days 11:20:00,11.1173,0.6314
1 days 11:30:00,12.7538,0.6427
1 days 11:40:00,4.5683,0.3327
1 days 11:50:00,7.4708,0.4085
1 days 12:00:00,10.9643,0.5635
1 days 12:10:00,4.6259,0.4175
1 days 12:20:00,7.2906,0.6587
1 days 12:30:00,9.5408,0.5523
1 days 12:40:00,3.9403,0.1131
1 days 12:50:00,9.1236,0.3148
1 days 13:00:00,11.2415,0.575
1 days 13:10:00,13.3631,0.9799
1 days 13:20:00,7.4331,0.3334
1 days 13:30:00,6.6752,0.3081
1 days 13:40:00,12.3129,1.594
1 days 13:50:00,19.5898,1.2515
1 days 14:00:00,7.7599,0.8302
1 days 14:10:00,4.7914,0.6012
1 days 14:20:00,13.8102,1.1229
1 days 14:30:00,4.8397,0.6446
1 days 14:40:00,5.985,0.1625
1 days 14:50:00,7.8748,0.4365
1 days 15:00:00,15.6054,0.9171
1 days 15:10:00,11.913,1.8787
1 days 15:20:00,8.9001,0.5226
1 days 15:30:00,14.8922,0.6804
1 days 15:40:00,13.5349,0.4667
1 days 15:50:00,8.522,0.4192
1 days 16:00:00,12.2101,0.8097
1 days 16:10:00,10.4769,0.5852
1 days 16:20:00,9.4522,0.4758
1 days 16:30:00,9.3265,0.5359
1 days 16:40:00,8.9953,0.2281
1 days 16:50:00,7.3789,0.4998
1 days 17:00:00,13.1484,0.6228
1 days 17:10:00,13.0488,0.4892
1 days 17:20:00,6.8301,0.7383
1 days 17:30:00,10.8163,1.2452
1 days 17:40:00,13.5074,0.8589
1 days 17:50:00,23.6025,3.3631
1 days 18:00:00,13.452,1.1595
1 days 18:10:00,12.7284,0.5696
1 days 18:20:00,11.7688,0.6237
1 days 18:30:00,15.274,0.8017
1 days 18:40:00,13.4832,1.2295
1 days 18:50:00,13.4658,0.751
1 days 19:00:00,5.4903,0.6669
1 days 19:10:00,10.6737,0.7328
1 days 19:20:00,8.7538,0.4993
1 days 19:30:00,6.2925,0.3944
1 days 19:40:00,12.1658,0.9413
1 days 19:50:00,14.5391,0.8215
1 days 20:00:00,11.3534,0.5951
1 days 20:10:00,15.3509,0.7987
1 days 20:20:00,6.4176,0.5928
1 days 20:30:00,23.1411,1.8261
1 days 20:40:00,16.2644,0.7895
1 days 20:50:00,20.3837,1.7978
1 days 21:00:00,7.5441,0.4238
1 days 21:10:00,19.8891,1.5076
1 days 21:20:00,5.5966,0.2573
1 days 21:30:00,7.6929,0.7175
1 days 21:40:00,18.8483,1.1583
1 days 21:50:00,16.5369,1.2618
1 days 22:00:00,7.9557,0.73
1 days 22:10:00,2.9433,0.154
1 days 22:20:00,12.4214,0.7864
1 days 22:30:00,10.2876,0.8196
1 days 22:40:00,7.4315,0.536
1 days 22:50:00,16.6704,1.1354
1 days 23:00:00,10.6186,1.1066
1 days 23:10:00,14.5286,0.8045
1 days 23:20:00,6.4926,0.2682
1 days 23:30:00,5.4438,0.2534
1 days 23:40:00,5.6063,0.5165
1 days 23:50:00,15.3506,1.1198
2 days 00:00:00,5.0987,0.1767
2 days 00:10:00,6.009,0.5527
2 days 00:20:00,10.0661,0.6739
2 days 00:30:00,5.5315,0.2834
2 days 00:40:00,8.9286,0.4863
2 days 00:50:00,20.3491,0.8551
2 days 01:00:00,15.5394,1.1874
2 days 01:10:00,8.0588,0.6702
2 days 01:20:00,12.5453,0.8663
2 days 01:30:00,12.0353,0.4328
2 days 01:40:00,19.7224,1.4544
2 days 01:50:00,12.0876,1.3101
2 days 02:00:00,11.2586,0.6916
2 days 02:10:00,18.1755,0.98
2 days 02:20:00,21.673,1.7249
2 days 02:30:00,13.5575,1.0233
2 days 02:40:00,6.938,0.55
2 days 02:50:00,10.7352,0.8651
2 days 03:00:00,8.7427,0.5736
2 days 03:10:00,7.9766,0.4843
2 days 03:20:00,23.9501,2.2371
2 days 03:30:00,4.4285,0.458
2 days 03:40:00,7.5657,0.3936
2 days 03:50:00,10.9176,1.0876
2 days 04:00:00,18.0014,1.0923
2 days 04:10:00,6.8881,0.6318
2 days 04:20:00,19.848,1.4571
2 days 04:30:00,8.0001,0.4908
2 days 04:40:00,13.4246,0.5211
2 days 04:50:00,11.0422,0.4274
2 days 05:00:00,4.3594,0.4035
2 days 05:10:00,11.5624,1.0036
2 days 05:20:00,5.4346,0.4812
2 days 05:30:00,11.9641,0.8242
2 days 05:40:00,13.4115,0.5427
2 days 05:50:00,11.6308,0.6949
2 days 06:00:00,5.7004,0.2169
2 days 06:10:00,15.6953,2.0586
2 days 06:20:00,13.3492,0.3519
2 days 06:30:00,24.4124,2.5068
2 days 06:40:00,6.9094,0.3156
2 days 06:50:00,6.9809,0.633
2 days 07:00:00,7.3443,0.6644
2 days 07:10:00,3.7131,0.5014
2 days 07:20:00,14.7364,0.6631
2 days 07:30:00,16.4581,0.9716
2 days 07:40:00,6.8796,0.5698
2 days 07:50:00,9.2046,0.8991
2 days 08:00:00,6.1717,0.4265
2 days 08:10:00,11.5498,0.9586
2 days 08:20:00,13.8601,1.3405
2 days 08:30:00,15.9603,1.2085
2 days 08:40:00,9.8906,0.8047
2 days 08:50:00,5.859,0.5446
2 days 09:00:00,14.8519,0.68
2 days 09:10:00,12.2422,0.4101
2 days 09:20:00,9.1224,0.4756
2 days 09:30:00,12.2336,0.7156
2 days 09:40:00,11.7263,1.2311
2 days 09:50:00,7.0714,0.5241
2 days 10:00:00,6.2849,1.3114
2 days 10:10:00,11.1273,0.7658
2 days 10:20:00,6.9542,0.3607
2 days 10:30:00,11.9369,0.4777
2 days 10:40:00,14.4098,0.9701
2 days 10:50:00,7.0202,0.5223
2 days 11:00:00,9.1238,1.7023
2 days 11:10:00,15.7156,0.8199
2 days 11:20:00,3.1778,0.2154
2 days 11:30:00,16.3659,1.3495
2 days 11:40:00,6.2173,0.5236
2 days 11:50:00,5.3065,0.392
2 days 12:00:00,7.9914,0.5038
2 days 12:10:00,16.8064,1.256
2 days 12:20:00,23.0477,1.7169
2 days 12:30:00,12.9272,0.5135
2 days 12:40:00,15.7516,0.9064
2 days 12:50:00,7.1137,0.7771
2 days 13:00:00,4.982,0.2753
2 days 13:10:00,8.0768,0.4464
2 days 13:20:00,13.6631,1.1546
2 days 13:30:00,10.9954,0.8914
2 days 13:40:00,12.9307,0.8259
2 days 13:50:00,22.6952,1.3979
2 days 14:00:00,15.3524,0.8971
2 days 14:10:00,4.8932,0.4188
2 days 14:20:00,5.2333,0.5445
2 days 14:30:00,8.7977,0.5201
2 days 14:40:00,10.7205,0.2253
2 days 14:50:00,10.7296,0.8932
2 days 15:00:00,10.6873,0.9129
2 days 15:10:00,7.0895,0.3724
2 days 15:20:00,8.0893,0.2882
2 days 15:30:00,14.0025,0.8089
2 days 15:40:00,7.9483,0.5128
2 days 15:50:00,8.2226,0.3964
2 days 16:00:00,21.4648,1.3296
2 days 16:10:00,24.4821,1.55
2 days 16:20:00,4.5018,0.4012
2 days 16:30:00,9.6675,0.4294
2 days 16:40:00,15.5876,1.1692
2 days 16:50:00,12.4778,0.7651
2 days 17:00:00,10.0266,0.6066
2 days 17:10:00,8.8876,0.7875
2 days 17:20:00,14.4889,0.8821
2 days 17:30:00,13.5053,0.2672
2 days 17:40:00,14.9838,0.2783
2 days 17:50:00,5.1548,0.3177
2 days 18:00:00,14.9652,0.9782
2 days 18:10:00,6.7035,1.4654
2 days 18:20:00,7.7281,0.5656
2 days 18:30:00,16.0809,0.9682
2 days 18:40:00,12.6167,0.4815
2 days 18:50:00,6.916,0.2699
2 days 19:00:00,4.0896,0.1046
2 days 19:10:00,10.51,0.714
2 days 19:20:00,15.972,0.5686
2 days 19:30:00,11.2202,0.3342
2 days 19:40:00,12.8688,0.3741
2 days 19:50:00,12.5965,0.6343
2 days 20:00:00,14.0132,0.9423
2 days 20:10:00,10.1423,0.6613
2 days 20:20:00,4.9892,0.618
2 days 20:30:00,15.8346,0.9368
2 days 20:40:00,11.38,1.0406
2 days 20:50:00,6.7985,0.2757
2 days 21:00:00,15.0432,0.8909
2 days 21:10:00,13.0312,1.0977
2 days 21:20:00,8.3813,1.2638
2 days 21:30:00,13.4332,0.3928
2 days 21:40:00,15.2183,1.2792
2 days 21:50:00,9.138,0.9643
2 days 22:00:00,10.5848,0.2815
2 days 22:10:00,16.1122,0.7596
2 days 22:20:00,12.6743,0.7261
2 days 22:30:00,15.3373,1.1417
2 days 22:40:00,18.1039,1.1298
2 days 22:50:00,17.0704,0.9639
2 days 23:00:00,4.026,0.2756
2 days 23:10:00,19.5706,1.7989
2 days 23:20:00,12.0083,0.7033
2 days 23:30:00,12.8197,0.3354
2 days 23:40:00,8.3689,0.4045
2 days 23:50:00,15.7852,0.6646
3 days 00:00:00,11.6187,0.3544
3 days 00:10:00,11.11,0.2337
3 days 00:20:00,12.7742,0.6616
3 days 00:30:00,14.0216,0.808
3 days 00:40:00,5.4656,0.3673
3 days 00:50:00,9.843,0.4759
3 days 01:00:00,8.6849,0.9058
3 days 01:10:00,10.0391,0.8222
3 days 01:20:00,12.5163,0.653
3 days 01:30:00,15.2053,0.785
3 days 01:40:00,9.5855,0.4061
3 days 01:50:00,11.1867,0.6613
3 days 02:00:00,15.4155,0.5354
3 days 02:10:00,8.7388,0.7945
3 days 02:20:00,12.1801,0.5118
3 days 02:30:00,5.9018,0.472
3 days 02:40:00,6.7417,0.9603
3 days 02:50:00,9.5542,0.6372
3 days 03:00:00,3.4365,0.1266
3 days 03:10:00,23.3627,1.6856
3 days 03:20:00,18.2995,0.9113
3 days 03:30:00,24.3338,2.1957
3 days 03:40:00,12.1904,0.8598
3 days 03:50:00,8.6003,0.5531
3 days 04:00:00,6.666,0.5343
3 days 04:10:00,11.5707,0.5782
3 days 04:20:00,18.2235,1.4744
3 days 04:30:00,5.4534,0.3004
3 days 04:40:00,16.8146,0.4722
3 days 04:50:00,13.6551,0.7188
3 days 05:00:00,5.276,0.4896
3 days 05:10:00,23.451,2.2099
3 days 05:20:00,6.0134,0.2994
3 days 05:30:00,13.2423,0.9924
3 days 05:40:00,3.8152,0.3357
3 days 05:50:00,19.9661,1.8951
3 days 06:00:00,6.3688,0.5795
3 days 06:10:00,3.8967,0.2876
3 days 06:20:00,12.494,0.4969
3 days 06:30:00,18.7601,1.3785
3 days 06:40:00,15.4434,0.4597
3 days 06:50:00,20.9158,1.5379
3 days 07:00:00,10.7564,0.6115
3 days 07:10:00,7.5497,0.4839
3 days 07:20:00,4.8115,0.3171
3 days 07:30:00,14.48,0.7999
3 days 07:40:00,5.5321,0.6516
3 days 07:50:00,6.7586,0.3175
3 days 08:00:00,8.2007,0.3216
3 days 08:10:00,9.5965,0.5483
3 days 08:20:00,7.5072,0.2911
3 days 08:30:00,10.5573,0.6117
3 days 08:40:00,10.3833,0.9517
3 days 08:50:00,15.2013,1.0554
3 days 09:00:00,12.1529,0.4559
3 days 09:10:00,9.3091,0.4158
3 days 09:20:00,11.9035,0.6565
3 days 09:30:00,9.7528,0.497
3 days 09:40:00,6.1252,0.4587
3 days 09:50:00,5.0027,0.3158
3 days 10:00:00,6.486,0.3011
3 days 10:10:00,13.7143,0.4994
3 days 10:20:00,12.3876,1.0743
3 days 10:30:00,14.419,1.5186
3 days 10:40:00,16.5076,1.8427
3 days 10:50:00,7.2186,0.6913
3 days 11:00:00,15.7941,1.0267
3 days 11:10:00,3.3541,0.1252
3 days 11:20:00,7.8405,0.2942
3 days 11:30:00,9.9528,0.525
3 days 11:40:00,11.1586,0.8181
3 days 11:50:00,3.9932,0.6549
3 days 12:00:00,10.9121,0.8102
3 days 12:10:00,14.3422,0.9114
3 days 12:20:00,3.3827,0.1933
3 days 12:30:00,12.8652,0.6368
3 days 12:40:00,3.6124,0.3402
3 days 12:50:00,6.0985,0.4897
3 days 13:00:00,18.8192,1.7331
3 days 13:10:00,3.7315,0.3316
3 days 13:20:00,17.1606,1.2828
3 days 13:30:00,12.9932,0.4891
3 days 13:40:00,8.8571,0.4361
3 days 13:50:00,7.7222,0.3409
3 days 14:00:00,12.145,0.8731
3 days 14:10:00,10.4143,0.6589
3 days 14:20:00,12.0438,0.6933
3 days 14:30:00,3.3423,0.1545
3 days 14:40:00,8.6191,0.892
3 days 14:50:00,5.292,0.4007
3 days 15:00:00,12.2554,0.5934
3 days 15:10:00,24.7604,1.9046
3 days 15:20:00,7.195,0.3909
3 days 15:30:00,14.0838,0.9197
3 days 15:40:00,7.4596,0.0931
3 days 15:50:00,11.7533,0.5743
3 days 16:00:00,13.4522,0.5802
3 days 16:10:00,7.1119,0.3283
3 days 16:20:00,14.7831,0.8367
3 days 16:30:00,7.3061,0.5688
3 days 16:40:00,13.1482,0.8078
3 days 16:50:00,17.1072,1.3579
3 days 17:00:00,16.7008,1.2562
3 days 17:10:00,12.5619,1.088
3 days 17:20:00,5.7016,0.2767
3 days 17:30:00,10.682,0.845
3 days 17:40:00,4.8503,0.648
3 days 17:50:00,9.8274,0.4358
3 days 18:00:00,24.1242,1.748
3 days 18:10:00,12.4681,0.7069
3 days 18:20:00,26.0783,2.3178
3 days 18:30:00,5.7152,0.6003
3 days 18:40:00,6.5101,0.1976
3 days 18:50:00,7.1981,0.6885
3 days 19:00:00,13.466,1.6878
3 days 19:10:00,15.8382,0.8888
3 days 19:20:00,16.6956,0.5325
3 days 19:30:00,9.5984,0.6163
3 days 19:40:00,5.7221,0.372
3 days 19:50:00,7.0982,0.3129
3 days 20:00:00,6.7354,0.1182
3 days 20:10:00,15.3179,0.5826
3 days 20:20:00,4.928,0.1802
3 days 20:30:00,11.7948,0.7627
3 days 20:40:00,9.0064,0.2803
3 days 20:50:00,8.0554,0.7041
3 days 21:00:00,8.9853,0.634
3 days 21:10:00,5.3153,0.6231
3 days 21:20:00,8.3671,0.3959
3 days 21:30:00,10.3745,0.4634
3 days 21:40:00,10.0542,0.7673
3 days 21:50:00,5.2969,0.4789
3 days 22:00:00,10.3887,0.7177
3 days 22:10:00,3.6655,0.1781
3 days 22:20:00,11.2601,0.3941
3 days 22:30:00,14.0389,0.6408
3 days 22:40:00,7.5852,0.325
3 days 22:50:00,20.3155,1.9284
3 days 23:00:00,4.8886,0.3438
3 days 23:10:00,15.974,0.7624
3 days 23:20:00,15.5787,0.8936
3 days 23:30:00,11.736,0.4424
3 days 23:40:00,16.454,0.8613
3 days 23:50:00,8.4849,0.6744
4 days 00:00:00,16.0143,1.0701
4 days 00:10:00,13.345,0.6866
4 days 00:20:00,12.2486,0.8531
4 days 00:30:00,11.8571,0.8349
4 days 00:40:00,14.3603,0.8393
4 days 00:50:00,12.4241,0.477
4 days 01:00:00,11.0283,0.5982
4 days 01:10:00,11.7024,0.9164
4 days 01:20:00,9.3657,0.2742
4 days 01:30:00,21.9148,2.0702
4 days 01:40:00,9.0256,0.3246
4 days 01:50:00,10.5059,0.7881
4 days 02:00:00,7.6601,0.6025
4 days 02:10:00,10.5947,0.4745
4 days 02:20:00,7.9309,0.3471
4 days 02:30:00,9.8494,0.742
4 days 02:40:00,8.4922,0.113
4 days 02:50:00,12.9932,0.7888
4 days 03:00:00,4.9706,0.7192
4 days 03:10:00,10.9411,0.7019
4 days 03:20:00,18.548,1.6592
4 days 03:30:00,12.286,0.5885
4 days 03:40:00,5.4039,0.4105
4 days 03:50:00,6.2179,0.3144
4 days 04:00:00,16.4327,0.5029
4 days 04:10:00,14.6584,1.6432
4 days 04:20:00,16.0646,0.7398
4 days 04:30:00,5.7446,0.5551
4 days 04:40:00,14.0169,1.3461
4 days 04:50:00,8.6676,0.4093
4 days 05:00:00,11.7411,0.6
4 days 05:10:00,7.7571,0.2683
4 days 05:20:00,8.9595,0.4635
4 days 05:30:00,6.7062,0.6229
4 days 05:40:00,14.699,0.7094
4 days 05:50:00,7.1014,0.7601
4 days 06:00:00,5.9822,0.5369
4 days 06:10:00,14.9971,0.9759
4 days 06:20:00,12.7099,2.1975
4 days 06:30:00,10.1081,0.5866
4 days 06:40:00,10.1401,0.3736
4 days 06:50:00,3.5818,0.204
4 days 07:00:00,7.0174,0.7204
4 days 07:10:00,11.4647,0.8655
4 days 07:20:00,12.4922,0.4147
4 days 07:30:00,4.1729,0.416
4 days 07:40:00,11.6172,0.7926
4 days 07:50:00,16.7758,0.816
4 days 08:00:00,4.4881,0.1645
4 days 08:10:00,14.6788,1.2618
4 days 08:20:00,7.4175,0.1718
4 days 08:30:00,10.6989,0.9402
4 days 08:40:00,10.1838,0.1976
4 days 08:50:00,12.9138,0.8526
4 days 09:00:00,3.6333,0.4157
4 days 09:10:00,22.4692,1.3004
4 days 09:20:00,11.5485,0.3979
4 days 09:30:00,3.6473,0.5443
4 days 09:40:00,11.6607,0.6727
4 days 09:50:00,13.978,1.4667
4 days 10:00:00,14.8728,1.4206
4 days 10:10:00,9.8218,0.9762
4 days 10:20:00,8.8599,0.5819
4 days 10:30:00,5.1749,0.6429
4 days 10:40:00,13.4658,0.5963
4 days 10:50:00,10.3545,0.3536
4 days 11:00:00,3.4476,0.2131
4 days 11:10:00,12.1124,0.5339
4 days 11:20:00,13.6772,0.8724
4 days 11:30:00,9.8018,0.1868
4 days 11:40:00,8.0744,0.8784
4 days 11:50:00,9.0366,0.5444
4 days 12:00:00,6.3658,0.4312
4 days 12:10:00,9.8821,1.1302
4 days 12:20:00,8.9156,0.672
4 days 12:30:00,13.3538,0.9056
4 days 12:40:00,14.788,1.2208
4 days 12:50:00,16.6242,1.4906
4 days 13:00:00,4.4609,0.6268
4 days 13:10:00,3.7642,0.5594
4 days 13:20:00,12.001,0.9563
4 days 13:30:00,9.3247,0.5265
4 days 13:40:00,7.8425,0.4486
4 days 13:50:00,6.5326,0.5141
4 days 14:00:00,6.0628,0.4384
4 days 14:10:00,11.5938,0.3883
4 days 14:20:00,17.7193,1.0902
4 days 14:30:00,13.0465,0.7075
4 days 14:40:00,17.1004,0.7366
4 days 14:50:00,9.0196,0.4962
4 days 15:00:00,13.3465,0.3221
4 days 15:10:00,9.1806,0.4595
4 days 15:20:00,14.7869,0.9444
4 days 15:30:00,10.6895,0.8406
4 days 15:40:00,15.9334,0.717
4 days 15:50:00,12.025,0.484
4 days 16:00:00,4.4162,0.1758
4 days 16:10:00,7.3807,0.8411
4 days 16:20:00,15.6868,0.469
4 days 16:30:00,13.2453,0.3686
4 days 16:40:00,13.8535,0.7163
4 days 16:50:00,6.8846,0.6402
4 days 17:00:00,17.498,0.5965
4 days 17:10:00,4.9223,0.4247
4 days 17:20:00,15.9139,0.3143
4 days 17:30:00,10.0462,0.2573
4 days 17:40:00,6.4971,0.6137
4 days 17:50:00,9.1319,0.4489
4 days 18:00:00,4.9882,0.6147
4 days 18:10:00,10.9845,0.8248
4 days 18:20:00,9.8671,0.5656
4 days 18:30:00,6.1616,0.2584
4 days 18:40:00,8.3821,0.517
4 days 18:50:00,4.3803,0.3253
4 days 19:00:00,12.0632,0.7387
4 days 19:10:00,14.5074,0.7595
4 days 19:20:00,12.5459,0.9781
4 days 19:30:00,4.6511,0.1416
4 days 19:40:00,10.9837,0.5948
4 days 19:50:00,7.6473,0.1775
4 days 20:00:00,14.8453,0.416
4 days 20:10:00,12.6117,0.5285
4 days 20:20:00,16.6233,1.6609
4 days 20:30:00,7.701,0.4853
4 days 20:40:00,6.04,0.1289
4 days 20:50:00,15.5603,0.4078
4 days 21:00:00,6.2565,0.5562
4 days 21:10:00,8.3526,0.5398
4 days 21:20:00,10.7814,0.1756
4 days 21:30:00,5.9215,0.6589
4 days 21:40:00,16.446,0.8365
4 days 21:50:00,7.1728,0.9667
4 days 22:00:00,6.7417,0.6846
4 days 22:10:00,12.2344,0.8768
4 days 22:20:00,8.1536,0.4986
4 days 22:30:00,7.7249,0.1269
4 days 22:40:00,13.1512,0.3505
4 days 22:50:00,10.1422,1.0507
4 days 23:00:00,16.0496,1.0274
4 days 23:10:00,11.9785,0.5817
4 days 23:20:00,15.0142,0.3817
4 days 23:30:00,15.6462,1.5551
4 days 23:40:00,15.9524,1.265
4 days 23:50:00,14.1496,0.949
5 days 00:00:00,9.6395,0.4351
5 days 00:10:00,7.9924,0.6986
5 days 00:20:00,3.8623,0.5111
5 days 00:30:00,7.3059,1.079
5 days 00:40:00,6.4586,0.358
5 days 00:50:00,13.4774,0.7332
5 days 01:00:00,15.5743,0.2196
5 days 01:10:00,8.2514,0.5343
5 days 01:20:00,10.2491,0.6154
5 days 01:30:00,12.7834,0.6865
5 days 01:40:00,11.8329,0.2437
5 days 01:50:00,20.5243,1.7282
5 days 02:00:00,13.6,1.1669
5 days 02:10:00,6.3735,0.2384
5 days 02:20:00,13.9788,0.5311
5 days 02:30:00,14.9056,0.6165
5 days 02:40:00,12.8954,0.3429
5 days 02:50:00,12.6032,0.2798
5 days 03:00:00,11.1262,0.2863
5 days 03:10:00,13.7474,1.0066
5 days 03:20:00,14.643,0.6228
5 days 03:30:00,9.3386,0.3569
5 days 03:40:00,9.2614,0.5981
5 days 03:50:00,12.1591,0.798
5 days 04:00:00,13.8089,1.3522
5 days 04:10:00,10.3967,0.6643
5 days 04:20:00,7.8522,0.5424
5 days 04:30:00,8.6532,0.2506
5 days 04:40:00,7.4142,0.4565
5 days 04:50:00,10.1108,0.6706
5 days 05:00:00,5.61,0.621
5 days 05:10:00,3.9123,0.1468
5 days 05:20:00,7.8607,0.5688
5 days 05:30:00,10.7798,0.4509
5 days 05:40:00,6.7985,0.709
5 days 05:50:00,15.8207,0.945
5 days 06:00:00,8.041,0.1771
5 days 06:10:00,9.9,0.6398
5 days 06:20:00,11.5685,0.2612
5 days 06:30:00,15.1951,0.4345
5 days 06:40:00,6.7483,0.4175
5 days 06:50:00,3.2356,0.3781
5 days 07:00:00,7.5197,0.4416
5 days 07:10:00,11.2291,0.4578
5 days 07:20:00,12.9208,0.5479
5 days 07:30:00,11.9046,0.4322
5 days 07:40:00,19.5088,0.9561
5 days 07:50:00,14.1231,1.084
5 days 08:00:00,10.2975,0.7157
5 days 08:10:00,8.6037,0.6997
5 days 08:20:00,10.4179,0.4644
5 days 08:30:00,15.653,0.826
5 days 08:40:00,4.6698,0.3208
5 days 08:50:00,13.5305,0.548
5 days 09:00:00,7.6585,0.4592
5 days 09:10:00,14.3783,0.759
5 days 09:20:00,10.4823,0.3396
5 days 09:30:00,18.944,1.6389
5 days 09:40:00,8.967,0.5538
5 days 09:50:00,15.6289,1.5143
5 days 10:00:00,16.1068,1.3118
5 days 10:10:00,10.25,0.5362
5 days 10:20:00,25.6912,1.9882
5 days 10:30:00,11.5985,0.5566
5 days 10:40:00,5.1947,0.9349
5 days 10:50:00,12.5853,0.6755
5 days 11:00:00,23.1543,1.3648
5 days 11:10:00,12.5716,1.4015
5 days 11:20:00,18.5193,1.4144
5 days 11:30:00,11.8817,0.3839
5 days 11:40:00,6.6941,0.2439
5 days 11:50:00,9.3219,0.8041
5 days 12:00:00,14.8321,0.8114
5 days 12:10:00,10.9343,0.2275
5 days 12:20:00,5.3273,0.1254
5 days 12:30:00,13.0259,1.0575
5 days 12:40:00,9.8846,0.5167
5 days 12:50:00,13.2768,1.2022
5 days 13:00:00,11.259,0.6549
5 days 13:10:00,13.0456,1.1641
5 days 13:20:00,10.4654,0.4081
5 days 13:30:00,17.9087,1.1355
5 days 13:40:00,10.6619,0.2955
5 days 13:50:00,14.6535,1.3573
5 days 14:00:00,10.4462,0.54
5 days 14:10:00,11.0496,1.4691
5 days 14:20:00,17.4776,0.9982
5 days 14:30:00,12.8248,1.2033
5 days 14:40:00,11.4079,0.9649
5 days 14:50:00,12.9163,0.6022
5 days 15:00:00,18.7886,1.2911
5 days 15:10:00,7.5721,0.6621
5 days 15:20:00,12.8599,0.708
5 days 15:30:00,10.1555,0.8414
5 days 15:40:00,7.9366,0.8741
5 days 15:50:00,7.2859,0.5436
5 days 16:00:00,7.7583,0.2649
5 days 16:10:00,10.0369,0.787
5 days 16:20:00,5.9036,0.3376
5 days 16:30:00,11.9702,0.219
5 days 16:40:00,21.0817,1.7989
5 days 16:50:00,4.5429,0.2146
5 days 17:00:00,3.0139,0.2113
5 days 17:10:00,10.1831,0.7103
5 days 17:20:00,14.6933,0.6464
5 days 17:30:00,3.0638,0.2868
5 days 17:40:00,9.5114,0.4598
5 days 17:50:00,4.9682,0.3374
5 days 18:00:00,7.1385,0.6321
5 days 18:10:00,22.1736,1.8254
5 days 18:20:00,7.9607,0.5794
5 days 18:30:00,11.2983,0.2686
5 days 18:40:00,10.3887,0.5439
5 days 18:50:00,11.4603,0.292
5 days 19:00:00,4.7926,0.304
5 days 19:10:00,7.1598,0.3019
5 days 19:20:00,12.1005,0.6398
5 days 19:30:00,15.3537,0.784
5 days 19:40:00,11.0316,0.4129
5 days 19:50:00,7.5926,0.3777
5 days 20:00:00,7.2275,0.3612
5 days 20:10:00,9.0834,0.5272
5 days 20:20:00,6.4145,0.4737
5 days 20:30:00,10.0177,0.5298
5 days 20:40:00,7.7872,0.5654
5 days 20:50:00,8.1466,0.2251
5 days 21:00:00,5.8106,0.5364
5 days 21:10:00,13.9307,0.5033
5 days 21:20:00,14.604,0.825
5 days 21:30:00,3.3243,0.3163
5 days 21:40:00,7.1005,0.3493
5 days 21:50:00,14.1429,1.1925
5 days 22:00:00,7.3364,0.2764
5 days 22:10:00,14.7816,0.5818
5 days 22:20:00,7.6395,0.3027
5 days 22:30:00,15.4757,1.1968
5 days 22:40:00,17.5259,1.2441
5 days 22:50:00,7.6667,0.4766
5 days 23:00:00,12.2248,0.9656
5 days 23:10:00,15.1595,0.8341
5 days 23:20:00,12.4111,0.818
5 days 23:30:00,9.9626,0.4007
5 days 23:40:00,7.382,0.4807
5 days 23:50:00,8.9836,0.5254
6 days 00:00:00,9.1096,0.5178
6 days 00:10:00,3.1299,0.2658
6 days 00:20:00,15.397,0.4063
6 days 00:30:00,8.6316,0.584
6 days 00:40:00,11.2868,0.8979
6 days 00:50:00,18.0178,1.1423
6 days 01:00:00,5.5554,0.5334
6 days 01:10:00,15.264,0.8621
6 days 01:20:00,7.8405,0.2942
6 days 01:30:00,13.1098,0.457
6 days 01:40:00,10.8779,0.7333
6 days 01:50:00,11.8442,0.6338
6 days 02:00:00,4.7356,0.3353
6 days 02:10:00,14.0692,0.7993
6 days 02:20:00,15.2026,1.0052
6 days 02:30:00,10.781,0.4605
6 days 02:40:00,6.0653,0.3755
6 days 02:50:00,5.3153,0.6231
6 days 03:00:00,13.6958,1.0986
6 days 03:10:00,10.6967,0.6725
6 days 03:20:00,13.4039,0.4097
6 days 03:30:00,13.8496,0.4004
6 days 03:40:00,5.9536,0.5294
6 days 03:50:00,4.9646,0.3329
6 days 04:00:00,16.5107,0.7104
6 days 04:10:00,9.3907,0.5175
6 days 04:20:00,5.8363,0.3087
6 days 04:30:00,19.0937,1.3948
6 days 04:40:00,9.0588,0.2637
6 days 04:50:00,10.2654,0.7611
6 days 05:00:00,13.4074,0.8762
6 days 05:10:00,14.8289,0.5216
6 days 05:20:00,13.6571,0.3684
6 days 05:30:00,10.6802,0.5943
6 days 05:40:00,14.8545,0.8902
6 days 05:50:00,15.8423,0.845
6 days 06:00:00,13.9836,0.7771
6 days 06:10:00,12.3744,0.7437
6 days 06:20:00,9.4004,0.5135
6 days 06:30:00,12.7321,0.8063
6 days 06:40:00,12.321,0.822
6 days 06:50:00,19.6693,1.4079
6 days 07:00:00,12.0653,0.8349
6 days 07:10:00,7.7105,0.416
6 days 07:20:00,3.7163,0.3972
6 days 07:30:00,17.8804,1.1191
6 days 07:40:00,11.7449,0.9094
6 days 07:50:00,12.5882,0.6684
6 days 08:00:00,9.0091,0.6143
6 days 08:10:00,7.8102,0.4445
6 days 08:20:00,16.429,1.4099
6 days 08:30:00,13.6056,0.8345
6 days 08:40:00,6.9502,0.3987
6 days 08:50:00,8.0403,0.7038
6 days 09:00:00,4.7673,0.7232
6 days 09:10:00,8.8195,0.5273
6 days 09:20:00,7.8956,0.302
6 days 09:30:00,6.8799,0.729
6 days 09:40:00,11.2747,1.1801
6 days 09:50:00,10.651,0.5482
6 days 10:00:00,13.0062,0.5613
6 days 10:10:00,4.4446,0.2362
6 days 10:20:00,8.3017,0.3377
6 days 10:30:00,18.5272,1.3041
6 days 10:40:00,20.6802,1.2859
6 days 10:50:00,15.4593,1.3452
6 days 11:00:00,11.7629,0.7136
6 days 11:10:00,20.1474,1.3911
6 days 11:20:00,17.827,1.185
6 days 11:30:00,9.9724,0.5179
6 days 11:40:00,10.6102,0.6912
6 days 11:50:00,4.477,0.6247
6 days 12:00:00,13.305,1.1065
6 days 12:10:00,5.758,0.2157
6 days 12:20:00,6.8227,0.6673
6 days 12:30:00,14.1386,0.6195
6 days 12:40:00,12.375,0.6239
6 days 12:50:00,9.8463,0.4421
6 days 13:00:00,17.8259,1.1162
6 days 13:10:00,13.0749,1.3007
6 days 13:20:00,10.7444,0.1671
6 days 13:30:00,2.4423,0.1427
6 days 13:40:00,12.7551,0.863
6 days 13:50:00,7.3975,1.7347
6 days 14:00:00,8.3204,0.5135
6 days 14:10:00,13.5557,0.8088
6 days 14:20:00,12.8376,0.8951
6 days 14:30:00,12.5306,0.571
6 days 14:40:00,14.0377,0.2856
6 days 14:50:00,10.1528,0.4432
6 days 15:00:00,5.1292,0.582
6 days 15:10:00,7.0235,0.3508
6 days 15:20:00,12.5723,0.746
6 days 15:30:00,9.4441,0.662
6 days 15:40:00,13.2618,1.2952
6 days 15:50:00,13.2672,0.8648
6 days 16:00:00,11.0792,1.1849
6 days 16:10:00,15.1536,1.0431
6 days 16:20:00,7.4439,0.4898
6 days 16:30:00,13.5378,0.5834
6 days 16:40:00,7.3787,0.7646
6 days 16:50:00,18.2992,2.8218
6 days 17:00:00,12.9456,0.1937
6 days 17:10:00,13.9571,1.5195
6 days 17:20:00,12.9952,0.5705
6 days 17:30:00,7.7825,1.003
6 days 17:40:00,13.8691,0.4886
6 days 17:50:00,22.5707,1.4485
6 days 18:00:00,8.1594,0.6041
6 days 18:10:00,13.1434,1.1289
6 days 18:20:00,7.9881,0.2847
6 days 18:30:00,14.744,0.6963
6 days 18:40:00,6.2434,0.6294
6 days 18:50:00,8.0652,0.7433
6 days 19:00:00,9.9353,0.8496
6 days 19:10:00,4.5434,0.661
6 days 19:20:00,14.5971,0.6777
6 days 19:30:00,13.8631,1.0333
6 days 19:40:00,8.9524,0.6401
6 days 19:50:00,10.6514,0.6969
6 days 20:00:00,12.0558,0.4308
6 days 20:10:00,15.411,0.6451
6 days 20:20:00,14.3308,0.7383
6 days 20:30:00,11.2577,0.5779
6 days 20:40:00,11.4231,1.3634
6 days 20:50:00,9.8833,0.26
6 days 21:00:00,5.4052,0.4825
6 days 21:10:00,5.3681,0.5148
6 days 21:20:00,15.4264,1.3817
6 days 21:30:00,5.6059,0.1416
6 days 21:40:00,6.262,0.291
6 days 21:50:00,6.8492,0.4187
6 days 22:00:00,9.06,0.6576
6 days 22:10:00,10.7615,0.6263
6 days 22:20:00,5.0609,0.5731
6 days 22:30:00,15.798,0.6988
6 days 22:40:00,11.3567,0.8579
6 days 22:50:00,11.5766,0.1564
6 days 23:00:00,7.2971,0.6185
6 days 23:10:00,5.5082,0.4233
6 days 23:20:00,10.8133,0.5703
6 days 23:30:00,7.2375,0.7776
6 days 23:40:00,12.7989,0.9121
6 days 23:50:00,11.4535,0.7077
7 days 00:00:00,5.2275,0.2774
7 days 00:10:00,6.7426,0.1717
7 days 00:20:00,4.1504,0.4216
7 days 00:30:00,11.1021,0.8954
7 days 00:40:00,7.7604,0.8124
7 days 00:50:00,8.7643,0.3788
7 days 01:00:00,8.9386,0.3506
7 days 01:10:00,7.1976,0.6495
7 days 01:20:00,7.5398,0.4241
7 days 01:30:00,22.6022,2.3109
7 days 01:40:00,11.4618,0.6141
7 days 01:50:00,13.3476,0.9843
7 days 02:00:00,8.5426,0.7077
7 days 02:10:00,7.0878,0.4418
7 days 02:20:00,9.4602,1.0657
7 days 02:30:00,3.6676,0.1528
7 days 02:40:00,11.6894,0.2832
7 days 02:50:00,8.6053,0.6573
7 days 03:00:00,6.006,0.5157
7 days 03:10:00,8.1106,0.4691
7 days 03:20:00,8.2592,0.3489
7 days 03:30:00,13.6269,0.5301
7 days 03:40:00,15.6446,1.1394
7 days 03:50:00,8.2353,0.6383
7 days 04:00:00,13.096,0.5056
7 days 04:10:00,10.916,0.7193
7 days 04:20:00,11.7794,0.7517
7 days 04:30:00,9.5239,0.4542
7 days 04:40:00,11.3729,0.8018
7 days 04:50:00,12.5328,0.4143
7 days 05:00:00,6.7996,0.0837
7 days 05:10:00,9.278,0.2169
7 days 05:20:00,11.6507,0.4373
7 days 05:30:00,4.9771,0.566
7 days 05:40:00,11.1232,0.9245
7 days 05:50:00,10.9843,0.8649
7 days 06:00:00,30.2562,2.9119
7 days 06:10:00,12.5619,1.088
7 days 06:20:00,12.9373,0.3984
7 days 06:30:00,11.0007,0.3319
7 days 06:40:00,15.6793,1.0247
7 days 06:50:00,7.5084,0.4106
7 days 07:00:00,3.8819,0.1438
7 days 07:10:00,4.6426,0.534
7 days 07:20:00,13.8895,1.0529
7 days 07:30:00,5.8028,0.4072
7 days 07:40:00,5.981,0.4912
7 days 07:50:00,16.3397,0.9152
7 days 08:00:00,15.7963,1.3421
7 days 08:10:00,8.6128,0.6764
7 days 08:20:00,21.1948,1.6388
7 days 08:30:00,17.9169,1.6072
7 days 08:40:00,9.6588,0.7526
7 days 08:50:00,13.8901,1.1658
7 days 09:00:00,13.0935,0.4317
7 days 09:10:00,17.0657,0.74
7 days 09:20:00,11.0766,0.7959
7 days 09:30:00,3.8985,0.5421
7 days 09:40:00,18.4808,0.9445
7 days 09:50:00,9.8469,0.4661
7 days 10:00:00,12.5022,0.3582
7 days 10:10:00,18.5369,1.4971
7 days 10:20:00,13.9444,1.2936
7 days 10:30:00,9.6222,0.4295
7 days 10:40:00,13.8894,0.8265
7 days 10:50:00,10.1783,0.4302
7 days 11:00:00,8.6707,0.6018
7 days 11:10:00,4.3332,0.3405
7 days 11:20:00,14.8701,0.8475
7 days 11:30:00,4.4293,0.3791
7 days 11:40:00,20.4646,1.3355
7 days 11:50:00,3.9831,0.4842
7 days 12:00:00,15.4306,0.8312
7 days 12:10:00,9.7454,0.4275
7 days 12:20:00,5.0006,0.4228
7 days 12:30:00,9.3559,0.5973
7 days 12:40:00,13.3512,0.8797
7 days 12:50:00,9.6206,0.7645
7 days 13:00:00,11.4994,0.6777
7 days 13:10:00,6.2461,0.6553
7 days 13:20:00,12.9809,0.5506
7 days 13:30:00,7.4535,0.3226
7 days 13:40:00,13.5229,1.3055
7 days 13:50:00,6.2314,0.6031
7 days 14:00:00,8.8955,0.3742
7 days 14:10:00,9.8602,0.752
7 days 14:20:00,10.8806,0.1981
7 days 14:30:00,4.381,0.3321
7 days 14:40:00,11.3509,0.2925
7 days 14:50:00,17.517,1.7938
7 days 15:00:00,9.2331,0.2759
7 days 15:10:00,12.5548,0.6745
7 days 15:20:00,12.0653,1.0584
7 days 15:30:00,4.717,0.4638
7 days 15:40:00,15.6252,0.7693
7 days 15:50:00,10.4941,0.7682
7 days 16:00:00,6.9427,0.6382
7 days 16:10:00,5.776,0.4675
7 days 16:20:00,23.9575,1.8863
7 days 16:30:00,10.8906,0.7492
7 days 16:40:00,4.6796,0.5386
7 days 16:50:00,20.7447,1.7089
7 days 17:00:00,8.5428,0.4691
7 days 17:10:00,17.9712,1.0985
7 days 17:20:00,9.1665,0.4359
7 days 17:30:00,9.1409,0.7382
7 days 17:40:00,6.1288,0.4981
7 days 17:50:00,10.1358,0.6098
7 days 18:00:00,15.9566,0.7807
7 days 18:10:00,7.7253,0.6074
7 days 18:20:00,17.5409,0.5094
7 days 18:30:00,7.657,0.727
7 days 18:40:00,9.8542,0.3906
7 days 18:50:00,8.4372,0.4971
7 days 19:00:00,4.6228,0.4596
7 days 19:10:00,16.0283,0.8309
7 days 19:20:00,3.7332,0.2846
7 days 19:30:00,10.53,0.4589
7 days 19:40:00,3.4653,0.3468
7 days 19:50:00,15.9897,1.1149
7 days 20:00:00,7.1297,0.4159
7 days 20:10:00,5.6477,0.3049
7 days 20:20:00,8.2814,1.0711
7 days 20:30:00,8.6322,0.5021
7 days 20:40:00,18.5743,1.0836
7 days 20:50:00,6.2982,0.5947
7 days 21:00:00,6.6011,0.3083
7 days 21:10:00,3.5185,0.0625
7 days 21:20:00,4.1929,0.1012
7 days 21:30:00,11.3521,1.4758
7 days 21:40:00,3.9084,0.3884
7 days 21:50:00,6.6473,0.499
7 days 22:00:00,16.1715,0.933
7 days 22:10:00,3.148,0.2793
7 days 22:20:00,13.0096,0.858
7 days 22:30:00,5.7182,0.3777
7 days 22:40:00,24.2618,1.7822
7 days 22:50:00,13.0227,0.885
7 days 23:00:00,5.5246,0.5098
7 days 23:10:00,12.3228,1.151
7 days 23:20:00,10.3247,0.439
7 days 23:30:00,8.5431,0.4844
7 days 23:40:00,8.0706,0.9126
7 days 23:50:00,13.4293,1.0866
8 days 00:00:00,3.9721,0.3119
8 days 00:10:00,6.2836,0.2821
8 days 00:20:00,10.4494,0.4548
8 days 00:30:00,11.8432,0.3376
8 days 00:40:00,9.1578,0.6525
8 days 00:50:00,14.3351,0.9216
8 days 01:00:00,7.2572,0.4152
8 days 01:10:00,18.2013,0.8192
8 days 01:20:00,6.1481,0.3677
8 days 01:30:00,12.1929,0.4945
8 days 01:40:00,7.278,0.5933
8 days 01:50:00,6.6234,0.6826
8 days 02:00:00,12.6699,0.6851
8 days 02:10:00,7.2507,0.8229
8 days 02:20:00,10.7585,0.5288
8 days 02:30:00,6.8023,0.5076
8 days 02:40:00,4.4766,0.2446
8 days 02:50:00,10.3114,0.7688
8 days 03:00:00,7.7262,0.4881
8 days 03:10:00,5.9039,0.2354
8 days 03:20:00,12.7315,1.016
8 days 03:30:00,6.4922,0.2891
8 days 03:40:00,17.4437,1.2122
8 days 03:50:00,8.1999,0.46
8 days 04:00:00,9.9964,0.8862
8 days 04:10:00,15.9257,1.2978
8 days 04:20:00,9.5345,0.5228
8 days 04:30:00,20.6617,1.4682
8 days 04:40:00,14.2625,0.3652
8 days 04:50:00,10.6101,0.4749
8 days 05:00:00,10.7967,0.2573
8 days 05:10:00,5.0639,0.4657
8 days 05:20:00,13.9852,0.7967
8 days 05:30:00,10.0594,0.6198
8 days 05:40:00,14.6792,0.5924
8 days 05:50:00,11.1121,0.2627
8 days 06:00:00,9.7183,0.6037
8 days 06:10:00,18.2537,1.1307
8 days 06:20:00,7.9006,0.4383
8 days 06:30:00,13.6139,1.0183
8 days 06:40:00,7.3411,0.6565
8 days 06:50:00,11.0324,0.2917
8 days 07:00:00,9.1887,0.4797
8 days 07:10:00,12.897,1.0939
8 days 07:20:00,22.8376,2.3791
8 days 07:30:00,10.1573,0.8088
8 days 07:40:00,9.0124,0.7011
8 days 07:50:00,7.9868,0.7234
8 days 08:00:00,10.9276,0.6177
8 days 08:10:00,8.1322,0.4046
8 days 08:20:00,10.9651,0.6695
8 days 08:30:00,10.2636,0.5786
8 days 08:40:00,12.6476,1.0295
8 days 08:50:00,15.64,1.0706
8 days 09:00:00,9.1935,0.4365
8 days 09:10:00,8.4242,0.3391
8 days 09:20:00,18.3256,1.3832
8 days 09:30:00,6.3733,0.3866
8 days 09:40:00,14.3184,0.734
8 days 09:50:00,5.903,0.2889
8 days 10:00:00,8.5825,0.6822
8 days 10:10:00,9.7502,0.6691
8 days 10:20:00,14.0364,0.6672
8 days 10:30:00,14.3421,1.1581
8 days 10:40:00,16.7695,0.5787
8 days 10:50:00,7.7608,0.5213
8 days 11:00:00,7.8334,0.5323
8 days 11:10:00,12.0326,0.6831
8 days 11:20:00,8.7394,0.5748
8 days 11:30:00,6.9189,0.594
8 days 11:40:00,5.2579,0.2843
8 days 11:50:00,3.736,0.3356
8 days 12:00:00,16.3543,1.05
8 days 12:10:00,17.4812,1.6414
8 days 12:20:00,9.3878,0.7169
8 days 12:30:00,8.7676,0.5213
8 days 12:40:00,9.5221,0.5509
8 days 12:50:00,5.7086,0.5008
8 days 13:00:00,8.4773,0.4275
8 days 13:10:00,11.7108,0.8714
8 days 13:20:00,15.2292,1.2801
8 days 13:30:00,19.6516,1.5055
8 days 13:40:00,10.4735,0.6366
8 days 13:50:00,19.8866,1.1528
8 days 14:00:00,6.705,0.4711
8 days 14:10:00,15.9476,0.658
8 days 14:20:00,8.8592,0.6705
8 days 14:30:00,12.3862,0.6143
8 days 14:40:00,8.3734,0.5772
8 days 14:50:00,7.5313,0.4251
8 days 15:00:00,14.2002,2.0203
8 days 15:10:00,9.4619,0.5505
8 days 15:20:00,8.0554,0.7041
8 days 15:30:00,12.792,0.6626
8 days 15:40:00,8.3374,0.437
8 days 15:50:00,8.2195,0.6033
8 days 16:00:00,16.7026,0.9285
8 days 16:10:00,13.3266,1.0768
8 days 16:20:00,11.9767,0.3986
8 days 16:30:00,11.982,0.5974
8 days 16:40:00,12.6273,0.8523
8 days 16:50:00,8.0704,0.6793
8 days 17:00:00,8.9571,0.8217
8 days 17:10:00,9.3352,0.5707
8 days 17:20:00,8.2465,1.1418
8 days 17:30:00,8.5393,0.3918
8 days 17:40:00,2.8236,0.3243
8 days 17:50:00,11.0428,0.4461
8 days 18:00:00,4.5522,0.4819
8 days 18:10:00,23.7076,1.8272
8 days 18:20:00,13.2293,0.8354
8 days 18:30:00,5.1407,0.2758
8 days 18:40:00,10.1205,0.224
8 days 18:50:00,20.6069,1.6411
8 days 19:00:00,11.606,0.9847
8 days 19:10:00,6.8461,0.3811
8 days 19:20:00,16.6719,1.1385
8 days 19:30:00,13.7369,0.654
8 days 19:40:00,10.0964,0.5592
8 days 19:50:00,7.2926,0.3438
8 days 20:00:00,13.3038,0.7253
8 days 20:10:00,14.1724,0.9081
8 days 20:20:00,8.1471,0.5406
8 days 20:30:00,21.4176,1.3295
8 days 20:40:00,5.0201,0.5364
8 days 20:50:00,13.0852,0.6634
8 days 21:00:00,15.3338,1.0934
8 days 21:10:00,8.7936,0.6532
8 days 21:20:00,18.1843,1.3066
8 days 21:30:00,16.311,0.8231
8 days 21:40:00,3.326,0.3893
8 days 21:50:00,12.3353,0.7194
8 days 22:00:00,3.2709,0.2591
8 days 22:10:00,12.5178,0.7971
8 days 22:20:00,20.2936,1.5594
8 days 22:30:00,10.6037,0.5383
8 days 22:40:00,5.5698,0.2481
8 days 22:50:00,13.8597,0.7313
8 days 23:00:00,10.6226,0.4159
8 days 23:10:00,11.9526,0.5323
8 days 23:20:00,14.7539,0.9363
8 days 23:30:00,10.6732,0.4546
8 days 23:40:00,13.3974,0.8803
8 days 23:50:00,11.184,0.223
9 days 00:00:00,5.0804,0.4698
9 days 00:10:00,14.8624,1.4047
9 days 00:20:00,14.9213,0.9357
9 days 00:30:00,16.0005,0.445
9 days 00:40:00,4.976,0.3659
9 days 00:50:00,13.5259,0.6673
9 days 01:00:00,21.4726,1.8675
9 days 01:10:00,8.8908,0.8546
9 days 01:20:00,6.5097,0.1201
9 days 01:30:00,13.1861,1.0339
9 days 01:40:00,5.6162,0.624
9 days 01:50:00,9.6073,0.5497
9 days 02:00:00,11.2779,0.5123
9 days 02:10:00,7.9822,0.7027
9 days 02:20:00,12.9048,0.4195
9 days 02:30:00,13.0758,0.73
9 days 02:40:00,12.4441,0.8239
9 days 02:50:00,8.3738,0.5985
9 days 03:00:00,9.719,0.6032
9 days 03:10:00,13.817,1.0138
9 days 03:20:00,22.3181,1.3726
9 days 03:30:00,7.1382,0.4593
9 days 03:40:00,13.702,1.2674
9 days 03:50:00,11.3457,0.7424
9 days 04:00:00,8.1379,0.3721
9 days 04:10:00,8.8623,0.5359
9 days 04:20:00,4.0602,0.401
9 days 04:30:00,11.5794,0.6567
9 days 04:40:00,7.0328,0.3638
9 days 04:50:00,3.2308,0.2662
9 days 05:00:00,7.921,0.5296
9 days 05:10:00,9.395,0.579
9 days 05:20:00,14.4013,0.6027
9 days 05:30:00,8.6138,0.408
9 days 05:40:00,16.3233,1.1078
9 days 05:50:00,11.091,0.6414
9 days 06:00:00,15.2576,0.5083
9 days 06:10:00,10.9298,0.7267
9 days 06:20:00,6.9852,0.4522
9 days 06:30:00,13.112,0.7731
9 days 06:40:00,12.1059,0.733
9 days 06:50:00,14.1573,0.7257
9 days 07:00:00,6.3032,0.3945
9 days 07:10:00,8.0453,0.6003
9 days 07:20:00,14.0097,0.7389
9 days 07:30:00,12.1095,0.2662
9 days 07:40:00,7.673,0.6117
9 days 07:50:00,9.3116,0.5959
9 days 08:00:00,12.0874,0.713
9 days 08:10:00,14.4952,0.8555
9 days 08:20:00,8.2683,0.863
9 days 08:30:00,16.5208,1.4274
9 days 08:40:00,11.9431,0.379
9 days 08:50:00,21.1329,2.3924
9 days 09:00:00,11.2351,0.9862
9 days 09:10:00,13.68,0.814
9 days 09:20:00,15.5906,1.0943
9 days 09:30:00,13.5297,0.6096
9 days 09:40:00,8.0195,0.3209
9 days 09:50:00,18.7229,2.0085
9 days 10:00:00,21.0367,1.2437
9 days 10:10:00,9.4946,0.5296
9 days 10:20:00,14.4848,1.1885
9 days 10:30:00,5.2472,0.6453
9 days 10:40:00,9.4652,0.9306
9 days 10:50:00,17.049,1.8347
9 days 11:00:00,9.9353,0.8496
9 days 11:10:00,17.7974,1.5023
9 days 11:20:00,7.7457,0.6407
9 days 11:30:00,17.052,1.5054
9 days 11:40:00,15.0705,1.5094
9 days 11:50:00,10.1783,0.6622
9 days 12:00:00,8.2745,0.3979
9 days 12:10:00,9.918,0.5362
9 days 12:20:00,9.9772,0.6501
9 days 12:30:00,17.8714,1.3898
9 days 12:40:00,16.8054,1.6439
9 days 12:50:00,13.7943,0.767
9 days 13:00:00,7.592,0.5847
9 days 13:10:00,8.5022,0.4518
9 days 13:20:00,8.5967,0.4748
9 days 13:30:00,9.3997,0.72
9 days 13:40:00,12.1564,0.8479
9 days 13:50:00,13.4346,0.6134
9 days 14:00:00,13.9465,0.9793
9 days 14:10:00,18.5315,1.2971
9 days 14:20:00,19.2442,1.1119
9 days 14:30:00,3.9283,0.3331
9 days 14:40:00,9.5693,0.6278
9 days 14:50:00,25.8317,2.7987
9 days 15:00:00,3.8271,0.3154
9 days 15:10:00,16.4924,1.0015
9 days 15:20:00,17.4396,1.2319
9 days 15:30:00,8.1457,0.6076
9 days 15:40:00,6.7169,0.2197
9 days 15:50:00,4.5524,0.31
9 days 16:00:00,11.6066,0.719
9 days 16:10:00,11.1982,0.6223
9 days 16:20:00,9.9343,0.4584
9 days 16:30:00,11.0048,0.58
9 days 16:40:00,17.6048,0.7338
9 days 16:50:00,15.115,0.7755
9 days 17:00:00,23.383,1.4964
9 days 17:10:00,13.207,0.7625
9 days 17:20:00,4.3229,0.4576
9 days 17:30:00,9.0564,0.2549
9 days 17:40:00,17.5627,1.3198
9 days 17:50:00,8.3582,0.3768
9 days 18:00:00,4.8433,0.5082
9 days 18:10:00,11.9337,0.9723
9 days 18:20:00,21.1062,1.4429
9 days 18:30:00,6.0073,0.3874
9 days 18:40:00,6.7631,0.3445
9 days 18:50:00,12.1251,1.0725
9 days 19:00:00,8.3456,0.4753
9 days 19:10:00,6.5999,0.6022
9 days 19:20:00,7.5278,0.3199
9 days 19:30:00,10.784,0.9731
9 days 19:40:00,6.1578,0.557
9 days 19:50:00,10.6022,0.8051
9 days 20:00:00,9.8518,0.859
9 days 20:10:00,11.6121,0.7045
9 days 20:20:00,6.2604,0.7786
9 days 20:30:00,6.4036,0.3711
9 days 20:40:00,9.7208,0.3459
9 days 20:50:00,21.1947,2.2007
9 days 21:00:00,14.6555,1.7956
9 days 21:10:00,13.9526,1.0367
9 days 21:20:00,9.4283,0.4621
9 days 21:30:00,9.5137,0.4599
9 days 21:40:00,16.4402,1.3362
9 days 21:50:00,9.8397,0.3864
9 days 22:00:00,6.5317,0.2683
9 days 22:10:00,9.9773,0.4683
9 days 22:20:00,3.9668,0.4468
9 days 22:30:00,10.8989,0.7249
9 days 22:40:00,4.7283,0.5312
9 days 22:50:00,16.7089,0.9616
9 days 23:00:00,16.4357,1.0189
9 days 23:10:00,5.3319,0.2719
9 days 23:20:00,6.9835,0.5712
9 days 23:30:00,17.5859,1.0564
9 days 23:40:00,10.5111,0.4039
9 days 23:50:00,8.7365,0.4226
10 days 00:00:00,13.0932,0.8228
10 days 00:10:00,10.6189,1.0764
10 days 00:20:00,4.0398,0.1924
10 days 00:30:00,12.3516,0.5791
10 days 00:40:00,6.8659,0.4759
10 days 00:50:00,10.9145,0.2728
10 days 01:00:00,3.3679,0.325
10 days 01:10:00,4.3142,0.3911
10 days 01:20:00,15.6903,1.0211
10 days 01:30:00,16.4854,1.8402
10 days 01:40:00,19.8958,1.5881
10 days 01:50:00,8.8323,0.2867
10 days 02:00:00,9.1052,0.645
10 days 02:10:00,10.8159,0.5938
10 days 02:20:00,10.9155,0.7395
10 days 02:30:00,6.2497,0.3598
10 days 02:40:00,8.3051,0.4479
10 days 02:50:00,3.901,0.4203
10 days 03:00:00,5.2681,0.3377
10 days 03:10:00,14.3417,0.88
10 days 03:20:00,13.0623,0.9113
10 days 03:30:00,29.0442,2.2194
10 days 03:40:00,16.1018,0.446
10 days 03:50:00,9.0106,0.3427
10 days 04:00:00,8.8795,0.5718
10 days 04:10:00,10.512,0.6034
10 days 04:20:00,8.6533,0.5811
10 days 04:30:00,12.5412,1.1913
10 days 04:40:00,5.6783,0.378
10 days 04:50:00,9.8115,0.4238
10 days 05:00:00,8.7621,0.2957
10 days 05:10:00,7.0623,0.5053
10 days 05:20:00,11.2937,0.951
10 days 05:30:00,20.207,1.8443
10 days 05:40:00,15.0828,0.6831
10 days 05:50:00,11.3676,0.8371
10 days 06:00:00,13.456,0.842
10 days 06:10:00,3.28,0.3184
10 days 06:20:00,25.9086,3.2513
10 days 06:30:00,18.9544,0.9803
10 days 06:40:00,5.9093,0.2253
10 days 06:50:00,7.2856,0.4484
10 days 07:00:00,9.8132,1.1764
10 days 07:10:00,10.5426,1.0534
10 days 07:20:00,13.0808,0.8795
10 days 07:30:00,4.4135,0.4682
10 days 07:40:00,11.2075,0.7261
10 days 07:50:00,9.7579,0.2383
10 days 08:00:00,10.7493,0.6424
10 days 08:10:00,9.2447,0.4447
10 days 08:20:00,9.0064,0.4461
10 days 08:30:00,8.7594,0.3689
10 days 08:40:00,16.8277,1.2197
10 days 08:50:00,11.0315,0.3126
10 days 09:00:00,14.7585,1.122
10 days 09:10:00,5.0848,0.2208
10 days 09:20:00,4.1508,0.623
10 days 09:30:00,12.7397,0.6894
10 days 09:40:00,8.7632,0.7043
10 days 09:50:00,9.8867,0.4324
10 days 10:00:00,11.5855,0.697
10 days 10:10:00,6.7947,0.4042
10 days 10:20:00,22.8373,1.4131
10 days 10:30:00,8.3582,0.3768
10 days 10:40:00,17.3521,0.7299
10 days 10:50:00,9.5864,0.4894
10 days 11:00:00,14.4642,1.6005
10 days 11:10:00,10.5225,1.3845
10 days 11:20:00,4.3965,0.6266
10 days 11:30:00,19.0969,1.6818
10 days 11:40:00,9.5077,0.5277
10 days 11:50:00,13.116,0.5585
10 days 12:00:00,2.887,0.2394
10 days 12:10:00,15.1437,1.7519
10 days 12:20:00,15.9564,0.9498
10 days 12:30:00,6.4658,1.3347
10 days 12:40:00,12.9754,0.6921
10 days 12:50:00,9.0818,0.3966
10 days 13:00:00,19.7039,1.4293
10 days 13:10:00,7.7041,0.5875
10 days 13:20:00,4.5914,0.5234
10 days 13:30:00,14.544,0.7072
10 days 13:40:00,13.4153,0.6127
10 days 13:50:00,3.9935,0.4664
10 days 14:00:00,15.944,0.9043
10 days 14:10:00,16.7349,1.1276
10 days 14:20:00,12.4435,0.6159
10 days 14:30:00,3.8701,0.233
10 days 14:40:00,4.7246,0.3518
10 days 14:50:00,13.8313,0.5499
10 days 15:00:00,14.5984,1.0218
10 days 15:10:00,9.611,0.6296
10 days 15:20:00,4.7695,0.4752
10 days 15:30:00,12.2528,0.5311
10 days 15:40:00,10.8085,0.269
10 days 15:50:00,16.1769,0.6764
10 days 16:00:00,12.6725,0.8919
10 days 16:10:00,14.1099,0.778
10 days 16:20:00,10.5377,0.3931
10 days 16:30:00,13.0642,0.1816
10 days 16:40:00,13.0455,0.7899
10 days 16:50:00,11.2714,0.3587
10 days 17:00:00,10.4782,1.0837
10 days 17:10:00,10.262,0.5956
10 days 17:20:00,19.5484,1.6109
10 days 17:30:00,10.0494,0.5918
10 days 17:40:00,15.4463,0.8752
10 days 17:50:00,14.3364,1.293
10 days 18:00:00,21.1929,1.6848
10 days 18:10:00,7.0468,0.4911
10 days 18:20:00,8.445,0.5887
10 days 18:30:00,8.6632,0.4955
10 days 18:40:00,5.8439,0.5887
10 days 18:50:00,12.4913,0.393
10 days 19:00:00,6.0899,0.4771
10 days 19:10:00,13.5541,0.9167
10 days 19:20:00,11.248,0.6723
10 days 19:30:00,12.7678,0.639
10 days 19:40:00,12.5679,2.1093
10 days 19:50:00,7.3455,0.8965
10 days 20:00:00,8.4456,0.5412
10 days 20:10:00,4.8861,0.3894
10 days 20:20:00,15.3909,0.7628
10 days 20:30:00,11.5675,0.4549
10 days 20:40:00,5.3753,0.3755
10 days 20:50:00,8.9571,0.9499
10 days 21:00:00,10.4487,0.849
10 days 21:10:00,15.2468,0.4166
10 days 21:20:00,5.8926,0.3548
10 days 21:30:00,10.6607,0.4277
10 days 21:40:00,9.4583,0.7794
10 days 21:50:00,18.8637,1.871
10 days 22:00:00,11.4343,0.4561
10 days 22:10:00,14.3986,0.3132
10 days 22:20:00,5.0947,0.2621
10 days 22:30:00,12.2513,0.3391
10 days 22:40:00,12.3555,0.7815
10 days 22:50:00,11.9246,0.6691
10 days 23:00:00,10.1166,0.9771
10 days 23:10:00,11.3653,0.2614
10 days 23:20:00,13.6663,0.903
10 days 23:30:00,11.4538,0.5427
10 days 23:40:00,12.5255,0.4607
10 days 23:50:00,14.1553,1.7822
11 days 00:00:00,8.9915,0.7698
11 days 00:10:00,10.4641,0.3194
11 days 00:20:00,12.0913,0.5073
11 days 00:30:00,12.0824,0.769
11 days 00:40:00,8.3228,0.8838
11 days 00:50:00,17.3971,0.7882
11 days 01:00:00,8.7314,0.301
11 days 01:10:00,19.6551,1.0981
11 days 01:20:00,7.6767,0.7126
11 days 01:30:00,8.2632,0.186
11 days 01:40:00,16.4256,1.2764
11 days 01:50:00,9.4262,0.4693
11 days 02:00:00,9.5272,0.8037
11 days 02:10:00,11.8492,0.1976
11 days 02:20:00,10.1919,0.5621
11 days 02:30:00,14.0884,0.3468
11 days 02:40:00,21.6783,1.9586
11 days 02:50:00,13.5451,0.7954
11 days 03:00:00,11.6187,0.3544
11 days 03:10:00,4.9772,0.243
11 days 03:20:00,13.3085,0.6483
11 days 03:30:00,13.6059,0.6854
11 days 03:40:00,8.2241,0.2022
11 days 03:50:00,4.8571,0.265
11 days 04:00:00,12.3561,0.2567
11 days 04:10:00,12.0524,0.537
11 days 04:20:00,7.0319,0.4783
11 days 04:30:00,9.7838,0.4058
11 days 04:40:00,8.3991,0.4302
11 days 04:50:00,13.9247,0.9483
11 days 05:00:00,9.7622,0.7956
11 days 05:10:00,9.2384,0.3717
11 days 05:20:00,15.2084,0.9655
11 days 05:30:00,9.1812,0.2282
11 days 05:40:00,12.3172,0.4175
11 days 05:50:00,8.7702,0.7815
11 days 06:00:00,9.8401,0.5761
11 days 06:10:00,19.7244,0.9784
11 days 06:20:00,7.4669,0.0985
11 days 06:30:00,7.837,0.2243
11 days 06:40:00,12.2894,0.7358
11 days 06:50:00,13.0792,0.3072
11 days 07:00:00,14.282,0.8893
11 days 07:10:00,14.4655,0.8831
11 days 07:20:00,10.5676,0.4221
11 days 07:30:00,10.1279,0.2324
11 days 07:40:00,7.0602,0.506
11 days 07:50:00,10.934,0.8362
11 days 08:00:00,10.7681,0.7258
11 days 08:10:00,8.4229,0.5497
11 days 08:20:00,11.0536,0.7942
11 days 08:30:00,8.542,1.0032
11 days 08:40:00,8.5138,0.375
11 days 08:50:00,15.9594,0.7615
11 days 09:00:00,10.6478,0.4634
11 days 09:10:00,14.151,0.9276
11 days 09:20:00,8.3372,0.4961
11 days 09:30:00,13.5569,0.7537
11 days 09:40:00,5.6221,0.5392
11 days 09:50:00,10.6226,0.3644
11 days 10:00:00,10.4518,0.6834
11 days 10:10:00,7.5441,0.4238
11 days 10:20:00,16.9755,0.8655
11 days 10:30:00,4.9678,0.4652
11 days 10:40:00,3.4101,0.4343
11 days 10:50:00,4.3413,0.5698
11 days 11:00:00,8.7898,0.4944
11 days 11:10:00,11.1474,0.3837
11 days 11:20:00,11.1987,0.322
11 days 11:30:00,11.3599,0.4524
11 days 11:40:00,9.9308,0.7483
11 days 11:50:00,23.3056,1.822
11 days 12:00:00,7.008,0.1811
11 days 12:10:00,6.8079,0.3841
11 days 12:20:00,10.3887,0.6384
11 days 12:30:00,4.4977,0.6128
11 days 12:40:00,6.5271,0.3013
11 days 12:50:00,6.5474,0.4138
11 days 13:00:00,10.1795,0.6711
11 days 13:10:00,10.8838,0.7764
11 days 13:20:00,7.7025,0.6172
11 days 13:30:00,12.9887,0.6246
11 days 13:40:00,15.1065,0.9371
11 days 13:50:00,12.3813,0.6347
11 days 14:00:00,4.7496,0.2485
11 days 14:10:00,17.3019,0.3026
11 days 14:20:00,4.4968,0.5647
11 days 14:30:00,7.422,0.4038
11 days 14:40:00,5.4543,0.3623
11 days 14:50:00,10.337,0.7749
11 days 15:00:00,9.9922,0.3822
11 days 15:10:00,17.7621,1.0891
11 days 15:20:00,10.8732,0.8893
11 days 15:30:00,12.7262,1.1392
11 days 15:40:00,7.8323,0.2601
11 days 15:50:00,10.7724,0.4366
11 days 16:00:00,5.3874,0.4714
11 days 16:10:00,12.1462,0.6013
11 days 16:20:00,17.0526,0.8877
11 days 16:30:00,9.8927,0.7047
11 days 16:40:00,9.0029,0.7046
11 days 16:50:00,7.1628,0.2425
11 days 17:00:00,9.4082,0.4197
11 days 17:10:00,6.7502,0.5806
11 days 17:20:00,9.201,0.5403
11 days 17:30:00,5.195,0.2899
11 days 17:40:00,6.7607,0.6558
11 days 17:50:00,15.9547,1.2597
11 days 18:00:00,12.6633,0.6374
11 days 18:10:00,3.6935,0.2623
11 days 18:20:00,6.479,0.5096
11 days 18:30:00,15.292,0.8576
11 days 18:40:00,7.6978,0.5448
11 days 18:50:00,9.2214,0.8633
11 days 19:00:00,6.4546,0.1829
11 days 19:10:00,4.5369,0.3383
11 days 19:20:00,5.6269,0.6035
11 days 19:30:00,10.1016,0.7466
11 days 19:40:00,17.8688,1.1412
11 days 19:50:00,18.6654,1.4087
11 days 20:00:00,16.3181,0.7146
11 days 20:10:00,10.3223,0.5064
11 days 20:20:00,16.9388,1.0387
11 days 20:30:00,7.9935,0.3884
11 days 20:40:00,19.6376,1.3116
11 days 20:50:00,9.9431,0.6515
11 days 21:00:00,6.7282,0.4003
11 days 21:10:00,5.2231,0.4626
11 days 21:20:00,7.378,0.6431
11 days 21:30:00,13.2584,0.615
11 days 21:40:00,6.4042,0.5924
11 days 21:50:00,15.2626,1.2465
11 days 22:00:00,9.2762,0.8282
11 days 22:10:00,6.538,0.3917
11 days 22:20:00,12.2439,0.7823
11 days 22:30:00,13.564,0.4934
11 days 22:40:00,4.6465,0.5297
11 days 22:50:00,5.2895,0.4025
11 days 23:00:00,15.2562,0.9213
11 days 23:10:00,11.5444,0.7911
11 days 23:20:00,8.8641,0.3948
11 days 23:30:00,14.4529,1.1494
11 days 23:40:00,6.6791,0.5616
11 days 23:50:00,8.155,0.4601
12 days 00:00:00,12.2412,0.7585
12 days 00:10:00,6.6737,0.237
12 days 00:20:00,13.5651,0.855
12 days 00:30:00,17.7647,1.6885
12 days 00:40:00,21.2875,1.9829
12 days 00:50:00,7.0921,0.4939
12 days 01:00:00,6.7875,0.4835
12 days 01:10:00,13.4693,0.8746
12 days 01:20:00,13.7155,0.9313
12 days 01:30:00,9.3354,0.4232
12 days 01:40:00,16.3016,0.6631
12 days 01:50:00,16.538,1.2258
12 days 02:00:00,5.2165,0.1093
12 days 02:10:00,3.5306,0.451
12 days 02:20:00,7.4246,0.2102
12 days 02:30:00,15.4602,0.8144
12 days 02:40:00,18.4186,1.2964
12 days 02:50:00,10.6826,0.4967
12 days 03:00:00,14.6691,0.9362
12 days 03:10:00,12.6961,0.9216
12 days 03:20:00,16.0145,1.047
12 days 03:30:00,14.306,0.476
12 days 03:40:00,9.7724,0.6788
12 days 03:50:00,10.331,0.3188
12 days 04:00:00,8.9953,0.2281
12 days 04:10:00,6.7988,0.3206
12 days 04:20:00,4.5511,0.2706
12 days 04:30:00,16.4976,1.2506
12 days 04:40:00,13.1479,0.4473
12 days 04:50:00,21.9525,1.6774
12 days 05:00:00,20.1813,1.3862
12 days 05:10:00,15.4799,1.3962
12 days 05:20:00,15.4138,0.7957
12 days 05:30:00,9.3124,0.4816
12 days 05:40:00,14.0534,2.45
12 days 05:50:00,7.91,0.183
12 days 06:00:00,4.5537,0.3505
12 days 06:10:00,3.4199,0.4895
12 days 06:20:00,10.3174,0.6654
12 days 06:30:00,16.7442,1.2622
12 days 06:40:00,5.6011,0.4004
12 days 06:50:00,14.4924,0.9453
12 days 07:00:00,11.9754,0.1699
12 days 07:10:00,10.5538,0.9389
12 days 07:20:00,7.2603,0.7236
12 days 07:30:00,4.0135,0.2797
12 days 07:40:00,10.6219,0.7019
12 days 07:50:00,12.8896,0.3204
12 days 08:00:00,18.6112,1.3168
12 days 08:10:00,13.4032,1.0335
12 days 08:20:00,13.2742,0.8603
12 days 08:30:00,16.1948,0.8007
12 days 08:40:00,16.5778,0.3961
12 days 08:50:00,7.7069,0.4017
12 days 09:00:00,6.499,0.2572
12 days 09:10:00,6.9163,0.4919
12 days 09:20:00,12.2488,0.239
12 days 09:30:00,15.532,0.7547
12 days 09:40:00,13.8996,0.872
12 days 09:50:00,9.9392,0.6229
12 days 10:00:00,14.863,1.3561
12 days 10:10:00,10.5462,0.6474
12 days 10:20:00,10.0914,0.675
12 days 10:30:00,3.8064,0.5116
12 days 10:40:00,22.1831,1.7244
12 days 10:50:00,12.9357,0.8276
12 days 11:00:00,4.4615,0.2336
12 days 11:10:00,6.7055,0.4052
12 days 11:20:00,4.6036,0.3725
12 days 11:30:00,13.0842,0.7385
12 days 11:40:00,16.911,1.0155
12 days 11:50:00,10.9396,0.4786
12 days 12:00:00,7.8704,0.8249
12 days 12:10:00,7.0288,0.484
12 days 12:20:00,6.658,0.5892
12 days 12:30:00,8.3793,0.8038
12 days 12:40:00,11.7685,0.2676
12 days 12:50:00,10.1462,0.665
12 days 13:00:00,18.1981,1.2352
12 days 13:10:00,13.8607,1.2064
12 days 13:20:00,14.7379,1.1124
12 days 13:30:00,7.2466,0.6965
12 days 13:40:00,19.8685,1.3267
12 days 13:50:00,14.0167,1.27
12 days 14:00:00,20.8308,1.736
12 days 14:10:00,10.0893,0.4534
12 days 14:20:00,8.8432,0.5374
12 days 14:30:00,12.8133,0.9479
12 days 14:40:00,3.7405,0.1227
12 days 14:50:00,18.1793,1.2983
12 days 15:00:00,12.6392,0.3524
12 days 15:10:00,6.7161,0.5354
12 days 15:20:00,17.2823,0.8511
12 days 15:30:00,16.8925,1.1196
12 days 15:40:00,19.715,2.3056
12 days 15:50:00,13.6584,0.842
12 days 16:00:00,7.984,0.6989
12 days 16:10:00,6.0291,0.6412
12 days 16:20:00,6.6853,0.679
12 days 16:30:00,8.5775,0.526
12 days 16:40:00,3.058,0.1547
12 days 16:50:00,7.169,0.1947
12 days 17:00:00,8.3487,0.5561
12 days 17:10:00,16.1786,1.5015
12 days 17:20:00,17.2683,1.462
12 days 17:30:00,10.7988,0.7995
12 days 17:40:00,17.618,1.2805
12 days 17:50:00,7.7516,0.4076
12 days 18:00:00,3.3771,0.3014
12 days 18:10:00,10.5137,0.4578
12 days 18:20:00,9.3176,1.0629
12 days 18:30:00,6.4305,0.3793
12 days 18:40:00,11.1785,0.3958
12 days 18:50:00,5.3371,0.4642
12 days 19:00:00,11.6041,0.1692
12 days 19:10:00,11.8272,0.7618
12 days 19:20:00,3.9616,0.3774
12 days 19:30:00,15.8046,1.1344
12 days 19:40:00,11.244,0.6156
12 days 19:50:00,5.9622,0.2858
12 days 20:00:00,10.7801,0.4428
12 days 20:10:00,9.6454,0.2817
12 days 20:20:00,4.6446,0.339
12 days 20:30:00,4.3183,0.5101
12 days 20:40:00,8.8077,0.6963
12 days 20:50:00,6.5604,0.4766
12 days 21:00:00,9.979,0.6692
12 days 21:10:00,9.0663,0.4585
12 days 21:20:00,6.0547,0.3857
12 days 21:30:00,8.5128,1.1114
12 days 21:40:00,13.1717,0.5478
12 days 21:50:00,12.5575,0.3587
12 days 22:00:00,20.3301,1.7105
12 days 22:10:00,9.2265,0.5105
12 days 22:20:00,5.4569,0.3877
12 days 22:30:00,10.9351,0.571
12 days 22:40:00,12.4119,0.3682
12 days 22:50:00,7.9435,0.6812
12 days 23:00:00,9.968,0.5337
12 days 23:10:00,3.65,0.4725
12 days 23:20:00,17.5123,0.9819
12 days 23:30:00,8.981,0.9055
12 days 23:40:00,5.2183,0.2588
12 days 23:50:00,19.2726,1.3469
13 days 00:00:00,12.8216,0.4923
13 days 00:10:00,3.3427,0.1419
13 days 00:20:00,15.6802,1.1956
13 days 00:30:00,5.8319,0.3449
13 days 00:40:00,16.2288,0.9097
13 days 00:50:00,12.9813,1.2219
13 days 01:00:00,10.392,0.2221
13 days 01:10:00,6.7399,0.5979
13 days 01:20:00,14.6652,1.2554
13 days 01:30:00,9.6961,0.5545
13 days 01:40:00,6.9381,0.577
13 days 01:50:00,5.0538,0.4782
13 days 02:00:00,5.1499,0.4264
13 days 02:10:00,12.9516,1.2414
13 days 02:20:00,12.686,0.7971
13 days 02:30:00,16.7584,1.6515
13 days 02:40:00,7.7112,0.3821
13 days 02:50:00,16.2525,1.1969
13 days 03:00:00,10.7878,0.5486
13 days 03:10:00,9.0608,0.7216
13 days 03:20:00,10.5761,0.8475
13 days 03:30:00,20.1623,1.9374
13 days 03:40:00,7.3975,1.7347
13 days 03:50:00,4.4267,0.3164
13 days 04:00:00,12.4771,0.8935
13 days 04:10:00,5.1777,0.3183
13 days 04:20:00,15.9786,0.7668
13 days 04:30:00,4.9617,0.5379
13 days 04:40:00,14.0762,0.79
13 days 04:50:00,11.1181,0.8354
13 days 05:00:00,14.9212,0.3818
13 days 05:10:00,14.2708,0.7873
13 days 05:20:00,10.3,0.4173
13 days 05:30:00,18.0685,1.2111
13 days 05:40:00,11.5987,0.8222
13 days 05:50:00,3.9165,0.1448
13 days 06:00:00,11.5997,0.4203
13 days 06:10:00,11.542,0.633
13 days 06:20:00,10.8456,0.6471
13 days 06:30:00,10.6056,0.2797
13 days 06:40:00,15.6903,1.1924
13 days 06:50:00,7.08,0.5695
13 days 07:00:00,9.2579,0.1508
13 days 07:10:00,5.9335,0.4735
13 days 07:20:00,14.9665,1.1931
13 days 07:30:00,14.5873,0.8196
13 days 07:40:00,16.938,1.4526
13 days 07:50:00,12.6777,0.7958
13 days 08:00:00,15.2414,1.4458
13 days 08:10:00,7.9759,0.4202
13 days 08:20:00,10.7972,0.3011
13 days 08:30:00,5.1228,0.5142
13 days 08:40:00,17.4565,0.9324
13 days 08:50:00,4.6652,0.2159
13 days 09:00:00,4.8922,0.4325
13 days 09:10:00,5.2771,0.6646
13 days 09:20:00,6.3583,0.4885
13 days 09:30:00,15.2109,1.2033
13 days 09:40:00,12.73,1.0181
13 days 09:50:00,22.1096,1.0916
13 days 10:00:00,4.8924,0.5335
13 days 10:10:00,15.8409,1.1189
13 days 10:20:00,3.3943,0.1976
13 days 10:30:00,6.6796,0.715
13 days 10:40:00,7.4665,0.3781
13 days 10:50:00,5.0873,0.3276
13 days 11:00:00,4.4518,0.3419
13 days 11:10:00,7.3592,0.1517
13 days 11:20:00,8.794,0.4541
13 days 11:30:00,5.5515,0.1997
13 days 11:40:00,6.0839,0.3785
13 days 11:50:00,15.7916,0.593
13 days 12:00:00,12.4484,0.716
13 days 12:10:00,15.1053,0.9152
13 days 12:20:00,9.1433,0.376
13 days 12:30:00,11.2618,0.6964
13 days 12:40:00,4.6933,0.2516
13 days 12:50:00,8.1602,0.6417
13 days 13:00:00,5.0903,0.2247
13 days 13:10:00,18.5807,0.8588
13 days 13:20:00,10.5559,0.7389
13 days 13:30:00,8.7841,0.3603
13 days 13:40:00,16.7899,0.6547
13 days 13:50:00,15.9547,1.0494
13 days 14:00:00,11.0382,0.512
13 days 14:10:00,9.0249,0.5325
13 days 14:20:00,7.2077,0.845
13 days 14:30:00,5.4972,0.6527
13 days 14:40:00,8.3059,0.5158
13 days 14:50:00,5.5726,0.209
13 days 15:00:00,11.4708,0.5997
13 days 15:10:00,8.8048,0.3265
13 days 15:20:00,11.2184,0.2295
13 days 15:30:00,8.9134,0.7076
13 days 15:40:00,4.1031,0.4451
13 days 15:50:00,8.1816,0.3458
13 days 16:00:00,7.3223,0.3278
13 days 16:10:00,11.3134,1.3394
13 days 16:20:00,7.5297,0.1431
13 days 16:30:00,8.71,0.3011
13 days 16:40:00,16.9023,0.9226
13 days 16:50:00,14.8282,0.4086
13 days 17:00:00,4.3613,0.4343
13 days 17:10:00,17.4407,1.0262
13 days 17:20:00,14.1108,0.8929
13 days 17:30:00,8.1523,0.2046
13 days 17:40:00,8.0234,0.4486
13 days 17:50:00,18.5666,1.2638
13 days 18:00:00,12.9531,0.6349
13 days 18:10:00,15.6798,0.5449
13 days 18:20:00,15.2597,0.9771
13 days 18:30:00,16.5339,0.7676
13 days 18:40:00,16.0591,1.5559
13 days 18:50:00,5.8223,0.695
13 days 19:00:00,9.2254,0.2013
13 days 19:10:00,10.579,0.7093
13 days 19:20:00,15.975,0.9708
13 days 19:30:00,8.2648,0.448
13 days 19:40:00,4.3115,0.3281
13 days 19:50:00,21.8726,1.41
13 days 20:00:00,7.981,0.3959
13 days 20:10:00,13.7078,1.1699
13 days 20:20:00,9.6386,0.5113
13 days 20:30:00,7.2902,1.0044
13 days 20:40:00,3.1265,0.4632
13 days 20:50:00,14.1934,0.6255
13 days 21:00:00,7.9468,0.8255
13 days 21:10:00,5.9182,0.6756
13 days 21:20:00,17.5032,1.0877
13 days 21:30:00,3.6204,0.4686
13 days 21:40:00,9.551,0.8185
13 days 21:50:00,10.5565,0.891
13 days 22:00:00,12.199,1.3259
13 days 22:10:00,8.2282,0.435
13 days 22:20:00,8.6561,0.7615
13 days 22:30:00,10.7136,0.721
13 days 22:40:00,7.3603,0.4505
13 days 22:50:00,10.305,0.6282
13 days 23:00:00,20.7323,1.3346
13 days 23:10:00,15.4392,1.0375
13 days 23:20:00,10.9614,0.535
13 days 23:30:00,14.499,0.7421
13 days 23:40:00,10.4712,0.6522
13 days 23:50:00,17.5133,1.7971
14 days 00:00:00,6.3984,0.3999
14 days 00:10:00,14.5277,0.5384
14 days 00:20:00,14.2457,0.2784
14 days 00:30:00,7.545,0.7039
14 days 00:40:00,6.76,0.7137
14 days 00:50:00,10.8318,0.82
14 days 01:00:00,5.1759,0.3682
14 days 01:10:00,14.5964,0.3997
14 days 01:20:00,9.8179,0.6844
14 days 01:30:00,15.844,1.5783
14 days 01:40:00,3.9492,0.276
14 days 01:50:00,8.7556,0.4925
14 days 02:00:00,6.8264,0.2802
14 days 02:10:00,6.4993,0.5762
14 days 02:20:00,9.1841,1.0344
14 days 02:30:00,4.5469,0.4527
14 days 02:40:00,6.6638,0.3569
14 days 02:50:00,13.1452,1.5049
14 days 03:00:00,18.5931,1.4775
14 days 03:10:00,11.4075,0.7566
14 days 03:20:00,14.7656,1.0463
14 days 03:30:00,12.6455,0.5999
14 days 03:40:00,15.1741,1.5743
14 days 03:50:00,15.8386,0.8946
14 days 04:00:00,11.8519,0.7875
14 days 04:10:00,10.8522,0.9687
14 days 04:20:00,4.3319,0.5822
14 days 04:30:00,18.6809,1.2767
14 days 04:40:00,4.47,0.5163
14 days 04:50:00,9.4871,0.6231
14 days 05:00:00,12.6948,0.4881
14 days 05:10:00,6.8447,0.8008
14 days 05:20:00,18.4608,1.3197
14 days 05:30:00,9.546,0.7654
14 days 05:40:00,5.2923,0.4223
14 days 05:50:00,14.6258,0.6576
14 days 06:00:00,16.5669,0.9634
14 days 06:10:00,10.0183,0.6377
14 days 06:20:00,9.8555,0.5456
14 days 06:30:00,12.3644,0.8254
14 days 06:40:00,13.3997,0.5502
14 days 06:50:00,6.5405,1.0158
14 days 07:00:00,11.6138,0.7389
14 days 07:10:00,11.4432,0.6499
14 days 07:20:00,20.324,1.9227
14 days 07:30:00,10.8684,0.6089
14 days 07:40:00,12.6939,0.7088
14 days 07:50:00,11.5361,0.1537
14 days 08:00:00,5.7419,0.2936
14 days 08:10:00,12.1688,0.343
14 days 08:20:00,12.9375,0.4318
14 days 08:30:00,10.8009,0.5387
14 days 08:40:00,16.8715,0.4847
14 days 08:50:00,11.8409,1.2202
14 days 09:00:00,7.9528,0.3321
14 days 09:10:00,9.4595,0.8901
14 days 09:20:00,11.9009,0.5884
14 days 09:30:00,9.9658,0.4267
14 days 09:40:00,12.9816,0.6285
14 days 09:50:00,8.3003,0.4123
14 days 10:00:00,7.4318,0.4826
14 days 10:10:00,12.2855,0.6003
14 days 10:20:00,9.3815,0.6303
14 days 10:30:00,15.8884,0.7856
14 days 10:40:00,8.4072,0.2103
14 days 10:50:00,17.8804,1.1191
14 days 11:00:00,13.3573,1.2176
14 days 11:10:00,16.8309,1.2082
14 days 11:20:00,9.5775,0.2968
14 days 11:30:00,6.5014,0.4081
14 days 11:40:00,11.5747,0.2499
14 days 11:50:00,9.8082,0.8336
14 days 12:00:00,9.2893,0.4669
14 days 12:10:00,6.1559,0.1776
14 days 12:20:00,7.8425,0.4897
14 days 12:30:00,18.7491,1.1803
14 days 12:40:00,17.073,1.1435
14 days 12:50:00,14.1996,0.5852
14 days 13:00:00,11.1919,0.9385
14 days 13:10:00,10.7964,0.784
14 days 13:20:00,11.9073,0.8921
14 days 13:30:00,8.0315,0.4054
14 days 13:40:00,18.1339,1.0953
14 days 13:50:00,16.6386,1.28
14 days 14:00:00,9.4947,0.6759
14 days 14:10:00,13.0473,1.0226
14 days 14:20:00,4.3815,0.3089
14 days 14:30:00,11.0088,0.5607
14 days 14:40:00,12.3465,0.9909
14 days 14:50:00,9.0063,0.7085
14 days 15:00:00,5.4206,0.3072
14 days 15:10:00,12.9686,0.5919
14 days 15:20:00,8.106,0.5574
14 days 15:30:00,15.8026,1.4811
14 days 15:40:00,7.2739,0.3319
14 days 15:50:00,15.7907,1.1428
14 days 16:00:00,15.8,1.6099
14 days 16:10:00,9.0466,0.7134
14 days 16:20:00,11.4456,0.8597
14 days 16:30:00,14.3013,0.4724
14 days 16:40:00,4.5953,0.4277
14 days 16:50:00,6.7537,0.9127
14 days 17:00:00,12.571,0.9255
14 days 17:10:00,13.7528,0.7109
14 days 17:20:00,6.7943,0.8255
14 days 17:30:00,15.3523,1.6848
14 days 17:40:00,7.0188,0.3012
14 days 17:50:00,8.3854,0.7986
14 days 18:00:00,8.968,0.3939
14 days 18:10:00,5.0307,0.4533
14 days 18:20:00,9.1438,0.4931
14 days 18:30:00,21.6555,1.7229
14 days 18:40:00,14.4505,1.2033
14 days 18:50:00,3.3571,0.1509
14 days 19:00:00,5.9586,0.1299
14 days 19:10:00,4.6398,0.4506
14 days 19:20:00,12.2766,0.4335
14 days 19:30:00,8.6351,0.433
14 days 19:40:00,9.5378,0.7567
14 days 19:50:00,13.3744,1.0046
14 days 20:00:00,16.8537,1.3636
14 days 20:10:00,14.1298,0.8949
14 days 20:20:00,13.4625,0.8096
14 days 20:30:00,9.4856,0.8878
14 days 20:40:00,15.8209,2.0179
14 days 20:50:00,7.5116,0.641
14 days 21:00:00,10.2629,0.7186
14 days 21:10:00,6.3264,0.1414
14 days 21:20:00,9.1104,0.9379
14 days 21:30:00,9.8808,0.9006
14 days 21:40:00,8.9914,0.9364
14 days 21:50:00,4.9223,0.4247
14 days 22:00:00,4.4454,0.2916
14 days 22:10:00,4.3578,0.4832
14 days 22:20:00,15.0003,0.8331
14 days 22:30:00,9.7025,0.6566
14 days 22:40:00,4.8397,0.6446
14 days 22:50:00,21.149,2.0023
14 days 23:00:00,14.8052,0.5621
14 days 23:10:00,9.9879,0.8167
14 days 23:20:00,10.7481,0.6534
14 days 23:30:00,10.4956,0.6127
14 days 23:40:00,6.6378,0.7222
14 days 23:50:00,13.2811,0.6406
15 days 00:00:00,9.2107,0.8791
15 days 00:10:00,26.2355,2.4942
15 days 00:20:00,10.611,0.6489
15 days 00:30:00,6.2093,0.4226
15 days 00:40:00,6.0639,0.5273
15 days 00:50:00,11.178,0.5538
15 days 01:00:00,10.3296,1.0617
15 days 01:10:00,8.7794,0.7512
15 days 01:20:00,8.7903,0.5483
15 days 01:30:00,14.9768,0.8848
15 days 01:40:00,17.5247,0.7832
15 days 01:50:00,12.8516,1.094
15 days 02:00:00,14.1401,0.5055
15 days 02:10:00,14.8262,1.4518
15 days 02:20:00,18.8946,1.0845
15 days 02:30:00,8.4981,0.4651
15 days 02:40:00,6.2405,0.5274
15 days 02:50:00,10.1927,0.6135
15 days 03:00:00,4.587,0.3201
15 days 03:10:00,8.6216,0.4434
15 days 03:20:00,20.9439,1.6557
15 days 03:30:00,8.322,0.1979
15 days 03:40:00,11.9442,0.2623
15 days 03:50:00,3.0204,0.1808
15 days 04:00:00,13.393,1.3055
15 days 04:10:00,8.6958,0.4762
15 days 04:20:00,9.0791,0.3618
15 days 04:30:00,12.0513,0.9003
15 days 04:40:00,6.2516,0.4567
15 days 04:50:00,18.7678,2.2873
15 days 05:00:00,11.1601,0.5762
15 days 05:10:00,15.7631,1.5758
15 days 05:20:00,9.0065,0.539
15 days 05:30:00,9.8826,0.9293
15 days 05:40:00,12.237,0.999
15 days 05:50:00,16.6916,0.6367
15 days 06:00:00,5.113,0.4381
15 days 06:10:00,7.4491,0.4116
15 days 06:20:00,20.5456,1.1054
15 days 06:30:00,5.9867,0.7122
15 days 06:40:00,10.9293,0.7385
15 days 06:50:00,18.3125,1.1061
15 days 07:00:00,18.2078,0.7487
15 days 07:10:00,16.4567,1.3714
15 days 07:20:00,8.9931,0.8569
15 days 07:30:00,13.2976,0.8607
15 days 07:40:00,9.5458,0.6158
15 days 07:50:00,7.8277,0.4516
15 days 08:00:00,10.9515,0.5617
15 days 08:10:00,4.2691,0.1807
15 days 08:20:00,24.1319,1.626
15 days 08:30:00,5.672,0.2895
15 days 08:40:00,11.1866,0.2767
15 days 08:50:00,18.1992,0.9496
15 days 09:00:00,8.8473,0.6307
15 days 09:10:00,8.1898,0.4381
15 days 09:20:00,9.6302,0.6942
15 days 09:30:00,14.4108,0.5906
15 days 09:40:00,9.2858,0.4731
15 days 09:50:00,8.3448,0.4751
15 days 10:00:00,4.5555,0.3135
15 days 10:10:00,9.7751,0.839
15 days 10:20:00,7.1952,0.1847
15 days 10:30:00,5.5102,0.2296
15 days 10:40:00,10.4943,1.0403
15 days 10:50:00,7.1688,0.2938
15 days 11:00:00,12.9492,1.0831
15 days 11:10:00,5.4924,0.6343
15 days 11:20:00,12.5409,0.891
15 days 11:30:00,16.1147,0.9175
15 days 11:40:00,6.6436,0.2997
15 days 11:50:00,9.3889,0.6838
15 days 12:00:00,6.1166,0.6781
15 days 12:10:00,6.5983,0.5464
15 days 12:20:00,15.6198,1.327
15 days 12:30:00,16.3602,1.5954
15 days 12:40:00,13.0819,0.663
15 days 12:50:00,12.3069,0.5713
15 days 13:00:00,3.4442,0.2783
15 days 13:10:00,14.833,1.0947
15 days 13:20:00,6.4527,0.6805
15 days 13:30:00,7.333,0.6016
15 days 13:40:00,15.438,1.1196
15 days 13:50:00,13.8845,0.7213
15 days 14:00:00,11.4968,0.2968
15 days 14:10:00,10.1427,0.4358
15 days 14:20:00,3.9018,0.3786
15 days 14:30:00,4.5966,0.4394
15 days 14:40:00,14.9097,1.1094
15 days 14:50:00,10.7302,0.3816
15 days 15:00:00,6.5303,0.6354
15 days 15:10:00,8.1609,0.6073
15 days 15:20:00,16.3688,0.8747
15 days 15:30:00,10.8101,0.326
15 days 15:40:00,12.5972,0.9179
15 days 15:50:00,12.7099,2.1975
15 days 16:00:00,11.3969,0.8643
15 days 16:10:00,14.1861,0.9964
15 days 16:20:00,9.6267,0.1276
15 days 16:30:00,8.3974,0.5468
15 days 16:40:00,6.4827,0.2709
15 days 16:50:00,11.9941,0.3071
15 days 17:00:00,13.6075,0.768
15 days 17:10:00,4.6143,0.0848
15 days 17:20:00,4.6306,0.4003
15 days 17:30:00,6.6044,0.6421
15 days 17:40:00,11.352,0.5397
15 days 17:50:00,11.201,0.4068
15 days 18:00:00,21.2044,1.3616
15 days 18:10:00,4.6569,0.4318
15 days 18:20:00,3.3679,0.1758
15 days 18:30:00,12.5091,0.526
15 days 18:40:00,14.2241,0.8385
15 days 18:50:00,6.6056,0.4763
15 days 19:00:00,6.9381,0.577
15 days 19:10:00,12.3373,0.5404
15 days 19:20:00,17.6345,0.7296
15 days 19:30:00,9.8246,0.5913
15 days 19:40:00,13.5407,1.0245
15 days 19:50:00,11.3794,0.6213
15 days 20:00:00,5.2232,0.5311
15 days 20:10:00,18.6674,0.9991
15 days 20:20:00,15.3868,1.0496
15 days 20:30:00,9.7156,0.7664
15 days 20:40:00,12.712,0.7537
15 days 20:50:00,12.1222,0.7265
15 days 21:00:00,9.4425,0.8543
15 days 21:10:00,19.2891,0.5633
15 days 21:20:00,10.5218,0.6333
15 days 21:30:00,16.197,0.9997
15 days 21:40:00,6.5911,0.2199
15 days 21:50:00,8.6559,0.5291
15 days 22:00:00,22.4838,2.0346
15 days 22:10:00,5.3706,0.6056
15 days 22:20:00,8.5944,0.4096
15 days 22:30:00,16.1201,0.8639
15 days 22:40:00,10.3731,0.6665
15 days 22:50:00,14.6736,0.9021
15 days 23:00:00,9.5226,0.6073
15 days 23:10:00,12.7162,0.673
15 days 23:20:00,6.1478,0.6751
15 days 23:30:00,13.1183,0.7094
15 days 23:40:00,5.4262,0.279
15 days 23:50:00,8.9711,0.9339
16 days 00:00:00,13.2721,0.4042
16 days 00:10:00,3.4807,0.2067
16 days 00:20:00,11.9055,0.318
16 days 00:30:00,12.3817,0.6864
16 days 00:40:00,5.0533,0.8757
16 days 00:50:00,6.2708,0.3454
16 days 01:00:00,8.3629,0.6988
16 days 01:10:00,5.8937,0.377
16 days 01:20:00,8.9757,0.2427
16 days 01:30:00,11.8713,0.4491
16 days 01:40:00,12.2751,0.7858
16 days 01:50:00,5.9885,0.4126
16 days 02:00:00,9.9494,0.5692
16 days 02:10:00,8.1514,0.4182
16 days 02:20:00,15.0979,1.066
16 days 02:30:00,7.7663,0.6118
16 days 02:40:00,11.2374,0.7176
16 days 02:50:00,20.4142,1.724
16 days 03:00:00,11.9171,0.1916
16 days 03:10:00,13.9983,0.9268
16 days 03:20:00,9.9999,0.4271
16 days 03:30:00,15.3524,0.5345
16 days 03:40:00,8.5932,0.7015
16 days 03:50:00,10.9555,0.5054
16 days 04:00:00,5.8697,0.8365
16 days 04:10:00,5.6411,0.5117
16 days 04:20:00,8.919,0.6279
16 days 04:30:00,8.3144,0.3954
16 days 04:40:00,3.6252,0.4593
16 days 04:50:00,15.3524,0.5345
16 days 05:00:00,6.9427,0.5135
16 days 05:10:00,15.9584,1.0634
16 days 05:20:00,9.2583,0.6173
16 days 05:30:00,10.9375,0.3542
16 days 05:40:00,9.3068,0.4597
16 days 05:50:00,15.233,0.9922
16 days 06:00:00,12.6272,0.6065
16 days 06:10:00,7.0174,0.3597
16 days 06:20:00,9.9233,0.5942
16 days 06:30:00,5.555,0.419
16 days 06:40:00,13.4491,0.6173
16 days 06:50:00,15.4511,0.7893
16 days 07:00:00,10.1117,0.3201
16 days 07:10:00,8.0294,0.1783
16 days 07:20:00,12.7956,0.7172
16 days 07:30:00,11.0834,0.873
16 days 07:40:00,15.4733,1.5111
16 days 07:50:00,18.6182,1.2179
16 days 08:00:00,9.5148,0.4599
16 days 08:10:00,7.3536,0.9007
16 days 08:20:00,8.5793,0.3781
16 days 08:30:00,16.9768,1.5081
16 days 08:40:00,12.9157,0.4321
16 days 08:50:00,8.9743,0.3587
16 days 09:00:00,16.9219,0.9876
16 days 09:10:00,13.1793,0.5284
16 days 09:20:00,11.4729,0.554
16 days 09:30:00,16.6212,1.0465
16 days 09:40:00,7.2962,0.633
16 days 09:50:00,17.0145,1.8825
16 days 10:00:00,4.0456,0.3979
16 days 10:10:00,5.4396,0.4347
16 days 10:20:00,20.9417,1.4622
16 days 10:30:00,5.3162,0.5654
16 days 10:40:00,7.0176,0.378
16 days 10:50:00,7.7547,0.3468
16 days 11:00:00,15.1462,0.9054
16 days 11:10:00,16.0389,0.5253
16 days 11:20:00,6.5803,0.428
16 days 11:30:00,7.4931,0.9596
16 days 11:40:00,24.2103,2.1028
16 days 11:50:00,8.1672,1.0098
16 days 12:00:00,6.79,0.3904
16 days 12:10:00,10.5462,0.9041
16 days 12:20:00,14.2276,0.7278
16 days 12:30:00,17.9725,1.2518
16 days 12:40:00,12.3658,0.9596
16 days 12:50:00,14.9525,0.9815
16 days 13:00:00,11.2701,0.6808
16 days 13:10:00,16.2555,0.8602
16 days 13:20:00,9.9361,0.4868
16 days 13:30:00,8.8176,0.5675
16 days 13:40:00,15.6996,1.3827
16 days 13:50:00,6.045,0.6179
16 days 14:00:00,4.5463,0.4013
16 days 14:10:00,7.6664,0.3627
16 days 14:20:00,9.0732,0.7586
16 days 14:30:00,12.2554,0.5934
16 days 14:40:00,13.996,0.6809
16 days 14:50:00,13.3722,0.6489
16 days 15:00:00,9.4947,0.7296
16 days 15:10:00,8.4351,0.7198
16 days 15:20:00,3.906,0.3916
16 days 15:30:00,9.4402,0.6797
16 days 15:40:00,11.1359,0.7121
16 days 15:50:00,14.092,0.7241
16 days 16:00:00,14.9317,0.6998
16 days 16:10:00,10.5537,0.7378
16 days 16:20:00,6.6463,0.2231
16 days 16:30:00,4.9841,0.1392
16 days 16:40:00,7.8794,0.4629
16 days 16:50:00,5.1926,0.1456
16 days 17:00:00,4.512,0.5501
16 days 17:10:00,10.985,0.6006
16 days 17:20:00,7.7839,0.6602
16 days 17:30:00,6.296,0.198
16 days 17:40:00,14.5725,1.253
16 days 17:50:00,9.5981,0.694
16 days 18:00:00,6.4147,0.1399
16 days 18:10:00,13.5355,0.3259
16 days 18:20:00,11.0251,0.607
16 days 18:30:00,15.2168,0.961
16 days 18:40:00,11.1645,0.341
16 days 18:50:00,4.1051,0.4507
16 days 19:00:00,5.0551,0.2671
16 days 19:10:00,22.4248,1.5686
16 days 19:20:00,9.6719,0.7299
16 days 19:30:00,15.4775,0.9498
16 days 19:40:00,8.0516,0.6397
16 days 19:50:00,15.2295,0.9611
16 days 20:00:00,10.6845,0.3058
16 days 20:10:00,6.6829,0.551
16 days 20:20:00,10.7666,0.7705
16 days 20:30:00,10.3194,0.5515
16 days 20:40:00,10.0046,0.6651
16 days 20:50:00,10.29,0.6484
16 days 21:00:00,9.2743,0.877
16 days 21:10:00,10.7141,0.3058
16 days 21:20:00,8.4615,0.6679
16 days 21:30:00,10.8115,0.297
16 days 21:40:00,7.4698,0.4512
16 days 21:50:00,4.5787,0.542
16 days 22:00:00,11.1035,0.6478
16 days 22:10:00,12.6256,0.6858
16 days 22:20:00,5.5495,0.1338
16 days 22:30:00,8.7125,0.6916
16 days 22:40:00,13.8142,0.9429
16 days 22:50:00,7.1546,0.6886
16 days 23:00:00,17.556,1.5146
16 days 23:10:00,13.4371,0.505
16 days 23:20:00,7.3258,0.204
16 days 23:30:00,13.0381,0.7253
16 days 23:40:00,10.4655,1.0271
16 days 23:50:00,5.5295,0.5211
17 days 00:00:00,11.0802,0.7119
17 days 00:10:00,3.4896,0.3851
17 days 00:20:00,4.4375,0.2804
17 days 00:30:00,8.8588,0.5798
17 days 00:40:00,7.4716,0.6276
17 days 00:50:00,4.1265,0.3117
17 days 01:00:00,17.6351,0.8526
17 days 01:10:00,3.4617,0.2205
17 days 01:20:00,3.0545,0.1632
17 days 01:30:00,4.1404,0.1947
17 days 01:40:00,14.2846,0.4034
17 days 01:50:00,5.273,1.0112
17 days 02:00:00,14.1478,1.0589
17 days 02:10:00,13.4716,0.6064
17 days 02:20:00,12.3744,1.1507
17 days 02:30:00,14.1742,1.3268
17 days 02:40:00,8.5723,0.5822
17 days 02:50:00,7.5126,0.5523
17 days 03:00:00,14.4183,0.9128
17 days 03:10:00,6.9953,0.4076
17 days 03:20:00,16.6843,0.6294
17 days 03:30:00,15.7497,0.7954
17 days 03:40:00,7.241,0.7369
17 days 03:50:00,11.3703,0.5744
17 days 04:00:00,10.7913,0.6956
17 days 04:10:00,19.0985,1.3518
17 days 04:20:00,8.433,0.9328
17 days 04:30:00,6.2013,0.1994
17 days 04:40:00,7.121,0.6588
17 days 04:50:00,5.124,0.4549
17 days 05:00:00,6.0652,0.5735
17 days 05:10:00,6.2143,0.5317
17 days 05:20:00,4.6361,0.7228
17 days 05:30:00,5.3327,0.5781
17 days 05:40:00,8.2189,0.9395
17 days 05:50:00,3.9218,0.1032
17 days 06:00:00,22.1831,1.7244
17 days 06:10:00,12.2442,0.4955
17 days 06:20:00,24.7465,2.0157
17 days 06:30:00,13.5943,0.8815
17 days 06:40:00,10.4872,0.4508
17 days 06:50:00,10.5813,0.8281
17 days 07:00:00,11.0092,1.0821
17 days 07:10:00,8.1648,0.7139
17 days 07:20:00,10.8372,0.6016
17 days 07:30:00,5.2304,0.1675
17 days 07:40:00,24.6867,1.4794
17 days 07:50:00,3.4678,0.1797
17 days 08:00:00,15.3705,0.9249
17 days 08:10:00,11.7913,0.5508
17 days 08:20:00,22.6434,1.3607
17 days 08:30:00,9.3538,0.6703
17 days 08:40:00,21.2917,1.2466
17 days 08:50:00,8.859,0.513
17 days 09:00:00,14.9273,0.6675
17 days 09:10:00,11.1913,0.7817
17 days 09:20:00,8.4247,0.513
17 days 09:30:00,10.8951,0.6774
17 days 09:40:00,7.6749,0.4832
17 days 09:50:00,7.8069,0.3963
17 days 10:00:00,12.5131,0.8668
17 days 10:10:00,12.4888,0.8207
17 days 10:20:00,16.2095,0.9275
17 days 10:30:00,7.0173,0.8245
17 days 10:40:00,11.7995,1.1854
17 days 10:50:00,13.3232,0.5762
17 days 11:00:00,13.4091,1.0692
17 days 11:10:00,15.379,0.4964
17 days 11:20:00,17.992,0.9609
17 days 11:30:00,8.7762,0.4806
17 days 11:40:00,7.3818,0.4596
17 days 11:50:00,12.8094,0.5489
17 days 12:00:00,12.2662,0.7706
17 days 12:10:00,19.3565,1.1733
17 days 12:20:00,17.9696,0.8886
17 days 12:30:00,15.9125,1.2215
17 days 12:40:00,11.6883,0.5459
17 days 12:50:00,13.3667,1.7132
17 days 13:00:00,7.7077,0.6085
17 days 13:10:00,11.5539,0.8564
17 days 13:20:00,8.6162,0.9032
17 days 13:30:00,12.864,0.9469
17 days 13:40:00,12.5266,0.5453
17 days 13:50:00,10.0304,0.4017
17 days 14:00:00,13.0259,1.1075
17 days 14:10:00,7.7101,0.779
17 days 14:20:00,17.073,1.8908
17 days 14:30:00,5.3765,0.4849
17 days 14:40:00,9.3383,0.1418
17 days 14:50:00,9.5522,0.6863
17 days 15:00:00,10.9226,0.4926
17 days 15:10:00,19.8367,1.4237
17 days 15:20:00,12.7295,0.8205
17 days 15:30:00,15.7867,0.8211
17 days 15:40:00,8.9312,0.4801
17 days 15:50:00,9.5785,0.8814
17 days 16:00:00,20.755,1.1857
17 days 16:10:00,9.4869,0.6037
17 days 16:20:00,13.6619,1.3692
17 days 16:30:00,10.1465,0.624
17 days 16:40:00,3.9134,0.2235
17 days 16:50:00,12.1217,0.2277
17 days 17:00:00,4.0606,0.522
17 days 17:10:00,9.5233,0.5242
17 days 17:20:00,10.6614,1.19
17 days 17:30:00,2.9687,0.1084
17 days 17:40:00,12.927,0.7377
17 days 17:50:00,14.7841,0.8947
17 days 18:00:00,10.1974,0.6224
17 days 18:10:00,10.8404,0.4001
17 days 18:20:00,12.5789,0.4813
17 days 18:30:00,10.9129,0.5461
17 days 18:40:00,18.4763,1.8117
17 days 18:50:00,7.7256,0.6414
17 days 19:00:00,3.154,0.1778
17 days 19:10:00,14.5488,1.1658
17 days 19:20:00,5.2966,0.2567
17 days 19:30:00,2.4019,0.1061
17 days 19:40:00,15.5633,0.7331
17 days 19:50:00,8.0641,0.5313
17 days 20:00:00,6.9883,0.3503
17 days 20:10:00,8.7617,0.2515
17 days 20:20:00,11.0428,0.4461
17 days 20:30:00,4.9747,0.5041
17 days 20:40:00,14.7131,0.3081
17 days 20:50:00,13.6813,1.1107
17 days 21:00:00,11.8693,0.6986
17 days 21:10:00,17.9471,1.6381
17 days 21:20:00,9.2168,0.548
17 days 21:30:00,18.5419,1.261
17 days 21:40:00,10.2643,1.2786
17 days 21:50:00,19.9158,1.6943
17 days 22:00:00,4.4065,0.4135
17 days 22:10:00,5.8443,0.4046
17 days 22:20:00,6.002,0.6146
17 days 22:30:00,9.0549,0.6934
17 days 22:40:00,7.8439,0.3682
17 days 22:50:00,6.6931,0.6599
17 days 23:00:00,10.0375,0.6251
17 days 23:10:00,6.1504,0.7482
17 days 23:20:00,18.8742,0.8732
17 days 23:30:00,12.6576,0.8406
17 days 23:40:00,4.6277,0.4783
17 days 23:50:00,8.9234,0.805
18 days 00:00:00,9.7823,0.6507
18 days 00:10:00,8.6642,0.4352
18 days 00:20:00,8.8599,0.4464
18 days 00:30:00,3.9807,0.4796
18 days 00:40:00,13.9511,0.6988
18 days 00:50:00,16.6316,0.4808
18 days 01:00:00,11.3383,0.8149
18 days 01:10:00,5.9402,0.469
18 days 01:20:00,3.7631,0.5814
18 days 01:30:00,16.5856,0.8264
18 days 01:40:00,12.4477,0.6152
18 days 01:50:00,14.9646,1.1244
18 days 02:00:00,11.8535,0.9877
18 days 02:10:00,15.9906,1.0051
18 days 02:20:00,5.9975,0.3514
18 days 02:30:00,15.2491,1.0078
18 days 02:40:00,9.76,0.7317
18 days 02:50:00,7.0463,0.4886
18 days 03:00:00,14.7923,1.1703
18 days 03:10:00,10.5848,0.2815
18 days 03:20:00,6.3688,0.5795
18 days 03:30:00,17.3164,1.1249
18 days 03:40:00,6.7745,0.4294
18 days 03:50:00,9.2446,0.8348
18 days 04:00:00,14.4952,0.7062
18 days 04:10:00,14.8312,0.5694
18 days 04:20:00,6.857,0.5031
18 days 04:30:00,4.3978,0.4609
18 days 04:40:00,4.2226,0.25
18 days 04:50:00,12.2089,0.6678
18 days 05:00:00,11.5907,0.7826
18 days 05:10:00,10.1439,0.3825
18 days 05:20:00,8.0882,0.229
18 days 05:30:00,17.8126,1.5765
18 days 05:40:00,9.415,0.4093
18 days 05:50:00,8.4769,0.5087
18 days 06:00:00,14.1957,0.4288
18 days 06:10:00,12.038,0.3806
18 days 06:20:00,5.8761,0.2591
18 days 06:30:00,8.9593,0.4163
18 days 06:40:00,11.9744,0.8098
18 days 06:50:00,15.1742,1.1969
18 days 07:00:00,8.4062,0.8379
18 days 07:10:00,6.6866,0.2134
18 days 07:20:00,14.9375,1.1281
18 days 07:30:00,3.3038,0.2388
18 days 07:40:00,12.5177,0.7834
18 days 07:50:00,7.2004,0.4157
18 days 08:00:00,11.344,0.4313
18 days 08:10:00,10.2559,0.8333
18 days 08:20:00,19.8411,1.6721
18 days 08:30:00,12.7584,0.9525
18 days 08:40:00,11.6884,0.606
18 days 08:50:00,7.7872,0.5654
18 days 09:00:00,6.8831,0.5415
18 days 09:10:00,10.9895,0.5934
18 days 09:20:00,6.1759,0.3313
18 days 09:30:00,18.5298,1.2753
18 days 09:40:00,11.0626,0.7315
18 days 09:50:00,14.2043,0.9364
18 days 10:00:00,9.1385,0.2672
18 days 10:10:00,4.4524,0.4102
18 days 10:20:00,13.5072,1.0251
18 days 10:30:00,6.1187,0.4764
18 days 10:40:00,6.8479,0.5823
18 days 10:50:00,11.7838,1.1207
18 days 11:00:00,13.1505,1.3333
18 days 11:10:00,6.1188,0.6862
18 days 11:20:00,7.9946,0.7175
18 days 11:30:00,3.9976,0.1358
18 days 11:40:00,10.8098,0.7608
18 days 11:50:00,15.3919,1.3557
18 days 12:00:00,16.7514,0.8728
18 days 12:10:00,9.3966,0.5802
18 days 12:20:00,11.6556,0.2876
18 days 12:30:00,4.0491,0.3598
18 days 12:40:00,5.8806,0.4115
18 days 12:50:00,5.24,0.3443
18 days 13:00:00,5.6075,0.685
18 days 13:10:00,8.4613,0.9417
18 days 13:20:00,5.5148,0.69
18 days 13:30:00,3.724,0.2311
18 days 13:40:00,10.4197,0.4195
18 days 13:50:00,2.6464,0.1197
18 days 14:00:00,6.295,0.3699
18 days 14:10:00,15.2845,1.4979
18 days 14:20:00,17.9233,1.253
18 days 14:30:00,2.8185,0.3742
18 days 14:40:00,10.6901,0.7727
18 days 14:50:00,7.4524,0.2873
18 days 15:00:00,4.0378,0.285
18 days 15:10:00,14.7984,0.8965
18 days 15:20:00,9.7172,0.5624
18 days 15:30:00,18.6968,1.3746
18 days 15:40:00,25.7155,2.1346
18 days 15:50:00,6.6592,0.427
18 days 16:00:00,14.3948,1.0483
18 days 16:10:00,7.85,0.6903
18 days 16:20:00,8.4237,0.3527
18 days 16:30:00,13.6352,0.2477
18 days 16:40:00,8.7385,0.2171
18 days 16:50:00,15.892,0.6998
18 days 17:00:00,8.1873,0.4394
18 days 17:10:00,9.7258,0.6601
18 days 17:20:00,11.5488,0.3551
18 days 17:30:00,14.7952,3.047
18 days 17:40:00,9.2618,0.8398
18 days 17:50:00,19.2617,1.369
18 days 18:00:00,15.3007,0.8927
18 days 18:10:00,14.236,1.1133
18 days 18:20:00,7.1691,0.4943
18 days 18:30:00,4.4616,0.2562
18 days 18:40:00,8.8115,0.8733
18 days 18:50:00,14.5237,0.8447
18 days 19:00:00,12.6051,0.4564
18 days 19:10:00,11.4155,0.7997
18 days 19:20:00,14.6858,0.3522
18 days 19:30:00,6.2749,0.3409
18 days 19:40:00,8.4605,0.766
18 days 19:50:00,21.0817,1.7989
18 days 20:00:00,12.3139,0.935
18 days 20:10:00,13.4616,0.6196
18 days 20:20:00,3.861,0.1755
18 days 20:30:00,10.6805,0.4695
18 days 20:40:00,13.1892,0.3913
18 days 20:50:00,7.7281,0.1941
18 days 21:00:00,16.9848,0.7929
18 days 21:10:00,8.1289,0.809
18 days 21:20:00,5.3901,0.1687
18 days 21:30:00,17.813,1.0912
18 days 21:40:00,9.9629,0.4121
18 days 21:50:00,9.7967,0.6082
18 days 22:00:00,14.9921,1.5132
18 days 22:10:00,11.9838,0.5338
18 days 22:20:00,8.9019,0.1309
18 days 22:30:00,19.1502,1.0122
18 days 22:40:00,14.8048,1.2216
18 days 22:50:00,6.0585,0.5244
18 days 23:00:00,5.6344,0.3224
18 days 23:10:00,12.5261,0.6736
18 days 23:20:00,13.2666,0.5427
18 days 23:30:00,21.5255,1.512
18 days 23:40:00,5.7399,0.356
18 days 23:50:00,10.5443,0.8368
19 days 00:00:00,11.6817,0.7315
19 days 00:10:00,11.5306,0.7708
19 days 00:20:00,14.7473,1.0113
19 days 00:30:00,19.4132,1.2335
19 days 00:40:00,12.3119,0.783
19 days 00:50:00,6.7646,0.4507
19 days 01:00:00,12.7978,0.3119
19 days 01:10:00,6.3028,0.733
19 days 01:20:00,17.5064,1.5436
19 days 01:30:00,9.269,0.2999
19 days 01:40:00,22.2548,1.797
19 days 01:50:00,4.0907,0.5052
19 days 02:00:00,5.5281,0.368
19 days 02:10:00,10.2554,0.5904
19 days 02:20:00,3.6521,0.4784
19 days 02:30:00,7.1687,0.6841
19 days 02:40:00,8.6794,0.3398
19 days 02:50:00,4.0423,0.4366
19 days 03:00:00,8.1938,0.4332
19 days 03:10:00,7.2995,0.6884
19 days 03:20:00,13.2001,1.0438
19 days 03:30:00,5.0795,0.4844
19 days 03:40:00,6.6014,0.275
19 days 03:50:00,8.7474,0.5094
19 days 04:00:00,7.0419,0.5317
19 days 04:10:00,5.6593,0.1211
19 days 04:20:00,10.4056,0.9601
19 days 04:30:00,4.1104,0.2283
19 days 04:40:00,16.4392,1.1527
19 days 04:50:00,17.0673,0.8543
19 days 05:00:00,5.7157,0.6908
19 days 05:10:00,11.5752,0.6712
19 days 05:20:00,8.3782,0.5823
19 days 05:30:00,9.7759,0.5201
19 days 05:40:00,12.4574,0.8788
19 days 05:50:00,14.8443,0.7893
19 days 06:00:00,11.4921,0.9596
19 days 06:10:00,21.2945,1.331
19 days 06:20:00,13.872,0.6213
19 days 06:30:00,17.9366,1.3337
19 days 06:40:00,9.82,0.8053
19 days 06:50:00,11.9509,0.6602
19 days 07:00:00,9.708,0.6971
19 days 07:10:00,11.9238,0.946
19 days 07:20:00,17.7649,1.7232
19 days 07:30:00,4.7125,0.4927
19 days 07:40:00,7.4592,0.7554
19 days 07:50:00,6.1301,0.3992
19 days 08:00:00,6.5499,0.2974
19 days 08:10:00,12.8123,0.981
19 days 08:20:00,13.7409,0.8508
19 days 08:30:00,9.2423,2.7036
19 days 08:40:00,6.838,0.4804
19 days 08:50:00,12.2192,0.7515
19 days 09:00:00,14.1651,0.9657
19 days 09:10:00,15.486,0.9569
19 days 09:20:00,18.3798,0.7329
19 days 09:30:00,13.6752,0.7163
19 days 09:40:00,7.9446,0.8303
19 days 09:50:00,13.0343,0.5536
19 days 10:00:00,10.0075,0.8524
19 days 10:10:00,5.1552,0.4806
19 days 10:20:00,3.1867,0.1619
19 days 10:30:00,11.0136,0.7192
19 days 10:40:00,9.2533,0.679
19 days 10:50:00,7.226,0.4931
19 days 11:00:00,8.6829,0.3774
19 days 11:10:00,7.8944,0.5412
19 days 11:20:00,5.2702,0.2606
19 days 11:30:00,11.5419,0.7849
19 days 11:40:00,10.1956,0.6052
19 days 11:50:00,13.5738,0.9429
19 days 12:00:00,11.3578,0.8353
19 days 12:10:00,6.9694,0.3079
19 days 12:20:00,14.0967,0.3942
19 days 12:30:00,8.5414,0.6543
19 days 12:40:00,14.3727,0.4476
19 days 12:50:00,3.4688,0.174
19 days 13:00:00,16.2311,1.2582
19 days 13:10:00,6.4742,0.5299
19 days 13:20:00,20.1755,1.8951
19 days 13:30:00,5.5098,0.3368
19 days 13:40:00,13.1371,0.3854
19 days 13:50:00,5.7587,0.2308
19 days 14:00:00,13.1893,0.7069
19 days 14:10:00,17.4146,1.0068
19 days 14:20:00,12.0602,0.5489
19 days 14:30:00,5.1595,0.5143
19 days 14:40:00,11.2527,0.6262
19 days 14:50:00,3.7395,0.4289
19 days 15:00:00,14.6443,1.2739
19 days 15:10:00,6.4302,0.3045
19 days 15:20:00,3.9548,0.3021
19 days 15:30:00,11.5468,0.4732
19 days 15:40:00,3.037,0.3786
19 days 15:50:00,9.3861,0.6213
19 days 16:00:00,11.7282,0.6563
19 days 16:10:00,9.4404,0.5425
19 days 16:20:00,5.3232,0.3197
19 days 16:30:00,3.7954,0.3095
19 days 16:40:00,4.1889,0.2545
19 days 16:50:00,11.188,0.5905
19 days 17:00:00,11.1207,0.6158
19 days 17:10:00,12.4886,1.0591
19 days 17:20:00,18.1655,0.9008
19 days 17:30:00,19.5026,1.175
19 days 17:40:00,16.4157,0.7955
19 days 17:50:00,11.1445,0.6629
19 days 18:00:00,9.86,0.5912
19 days 18:10:00,8.4009,0.703
19 days 18:20:00,12.6609,1.2405
19 days 18:30:00,9.7584,0.4214
19 days 18:40:00,8.7559,0.6069
19 days 18:50:00,19.1953,1.3756
19 days 19:00:00,24.3982,1.5244
19 days 19:10:00,14.1884,0.9039
19 days 19:20:00,13.8808,0.8423
19 days 19:30:00,14.5714,0.9234
19 days 19:40:00,20.5151,1.2672
19 days 19:50:00,7.411,0.4248
19 days 20:00:00,20.7273,1.4931
19 days 20:10:00,13.1549,0.7911
19 days 20:20:00,18.2556,0.5246
19 days 20:30:00,10.2299,0.5136
19 days 20:40:00,6.603,0.4567
19 days 20:50:00,4.4482,0.3942
19 days 21:00:00,12.3641,0.6555
19 days 21:10:00,14.6512,0.4151
19 days 21:20:00,10.0605,0.7351
19 days 21:30:00,15.6578,1.5048
19 days 21:40:00,11.3208,0.6911
19 days 21:50:00,11.0386,0.521
19 days 22:00:00,4.403,0.4196
19 days 22:10:00,10.6074,1.8889
19 days 22:20:00,14.9915,0.8153
19 days 22:30:00,4.7877,0.7291
19 days 22:40:00,9.909,0.4892
19 days 22:50:00,9.3196,0.8737
19 days 23:00:00,5.8939,0.4844
19 days 23:10:00,15.0848,0.3433
19 days 23:20:00,7.8461,0.4444
19 days 23:30:00,11.3773,0.6282
19 days 23:40:00,12.1964,1.2466
19 days 23:50:00,12.509,0.9665
20 days 00:00:00,14.8318,1.2571
20 days 00:10:00,11.9845,0.1697
20 days 00:20:00,10.2648,0.5259
20 days 00:30:00,11.9869,0.6074
20 days 00:40:00,5.7773,0.5334
20 days 00:50:00,12.2929,0.9636
20 days 01:00:00,5.9211,0.4396
20 days 01:10:00,6.6193,0.3818
20 days 01:20:00,6.2123,0.2865
20 days 01:30:00,14.9983,1.0177
20 days 01:40:00,4.6756,0.178
20 days 01:50:00,14.1771,1.3877
20 days 02:00:00,7.8913,0.4697
20 days 02:10:00,8.8145,0.9949
20 days 02:20:00,5.0922,0.4547
20 days 02:30:00,14.0618,1.0203
20 days 02:40:00,9.4342,0.5073
20 days 02:50:00,6.7971,0.4795
20 days 03:00:00,14.0963,0.908
20 days 03:10:00,17.8521,1.2922
20 days 03:20:00,6.8768,0.3087
20 days 03:30:00,8.8701,0.4857
20 days 03:40:00,4.7808,0.5851
20 days 03:50:00,5.2958,0.5553
20 days 04:00:00,5.0525,0.8476
20 days 04:10:00,6.9684,0.6801
20 days 04:20:00,5.8907,0.13
20 days 04:30:00,5.0237,0.6035
20 days 04:40:00,5.0498,0.1132
20 days 04:50:00,10.9147,0.5116
20 days 05:00:00,15.1608,0.8948
20 days 05:10:00,4.801,0.3085
20 days 05:20:00,12.4493,0.536
20 days 05:30:00,15.836,0.7612
20 days 05:40:00,13.0495,0.9678
20 days 05:50:00,17.0747,1.188
20 days 06:00:00,9.2671,0.203
20 days 06:10:00,3.9262,0.1021
20 days 06:20:00,16.339,1.3214
20 days 06:30:00,11.4161,0.735
20 days 06:40:00,17.1932,0.9298
20 days 06:50:00,12.2727,0.8468
20 days 07:00:00,12.7587,0.7015
20 days 07:10:00,8.303,0.5803
20 days 07:20:00,6.4944,0.5444
20 days 07:30:00,13.1575,0.9262
20 days 07:40:00,15.5738,0.6157
20 days 07:50:00,5.5302,0.9087
20 days 08:00:00,9.7576,0.5441
20 days 08:10:00,13.7897,0.7627
20 days 08:20:00,5.0484,0.4807
20 days 08:30:00,7.4689,0.4937
20 days 08:40:00,5.9839,0.2947
20 days 08:50:00,8.9739,0.1717
20 days 09:00:00,14.7343,0.8998
20 days 09:10:00,11.6251,0.851
20 days 09:20:00,9.9922,0.6414
20 days 09:30:00,16.2855,0.2359
20 days 09:40:00,11.0111,0.4672
20 days 09:50:00,8.4118,0.459
20 days 10:00:00,8.6476,0.3519
20 days 10:10:00,11.5191,0.6737
20 days 10:20:00,5.5619,0.4592
20 days 10:30:00,11.3502,0.4588
20 days 10:40:00,8.1518,0.1684
20 days 10:50:00,10.0422,0.5738
20 days 11:00:00,15.8904,1.2262
20 days 11:10:00,6.9416,0.497
20 days 11:20:00,4.3861,0.2156
20 days 11:30:00,12.4011,0.4679
20 days 11:40:00,19.3302,1.4164
20 days 11:50:00,9.4651,0.4133
20 days 12:00:00,12.6091,0.818
20 days 12:10:00,6.6802,0.1554
20 days 12:20:00,11.278,0.4978
20 days 12:30:00,20.1394,1.3347
20 days 12:40:00,11.3962,0.9244
20 days 12:50:00,14.904,1.0702
20 days 13:00:00,14.4917,0.3449
20 days 13:10:00,5.1951,0.3557
20 days 13:20:00,16.0652,1.1982
20 days 13:30:00,7.4701,0.168
20 days 13:40:00,12.9856,0.9408
20 days 13:50:00,16.0623,1.1668
20 days 14:00:00,9.8686,0.7018
20 days 14:10:00,7.4616,0.4353
20 days 14:20:00,11.0204,0.3684
20 days 14:30:00,9.6045,0.4899
20 days 14:40:00,14.8637,0.3224
20 days 14:50:00,14.9116,1.0203
20 days 15:00:00,13.4664,0.2407
20 days 15:10:00,7.4641,0.4069
20 days 15:20:00,5.8206,0.6126
20 days 15:30:00,9.4523,0.4219
20 days 15:40:00,12.8124,0.6589
20 days 15:50:00,6.6446,0.7525
20 days 16:00:00,23.6277,1.9791
20 days 16:10:00,11.864,0.7256
20 days 16:20:00,12.2321,0.8551
20 days 16:30:00,12.6601,0.9148
20 days 16:40:00,10.6268,1.2527
20 days 16:50:00,13.1411,0.5117
20 days 17:00:00,14.6538,1.5063
20 days 17:10:00,8.2572,0.1655
20 days 17:20:00,13.9963,0.3097
20 days 17:30:00,9.5342,0.7068
20 days 17:40:00,10.6916,0.781
20 days 17:50:00,3.8229,0.4992
20 days 18:00:00,16.9997,1.1902
20 days 18:10:00,8.3345,0.1146
20 days 18:20:00,4.1008,0.4248
20 days 18:30:00,14.4988,0.9876
20 days 18:40:00,5.6882,0.3187
20 days 18:50:00,5.2343,0.2408
20 days 19:00:00,9.4242,0.8153
20 days 19:10:00,5.4302,0.1789
20 days 19:20:00,20.2352,1.4718
20 days 19:30:00,9.5655,0.3018
20 days 19:40:00,4.0569,0.3182
20 days 19:50:00,5.6738,0.3033
20 days 20:00:00,9.4427,0.7079
20 days 20:10:00,7.9286,1.3663
20 days 20:20:00,7.4937,0.4725
20 days 20:30:00,4.0845,0.3177
20 days 20:40:00,18.4624,0.8224
20 days 20:50:00,3.9099,0.4643
20 days 21:00:00,8.8528,0.1777
20 days 21:10:00,17.5518,0.7886
20 days 21:20:00,4.2265,0.2729
20 days 21:30:00,13.3745,1.2137
20 days 21:40:00,5.9285,0.5703
20 days 21:50:00,7.1958,0.5291
20 days 22:00:00,15.7227,1.506
20 days 22:10:00,9.6646,0.2984
20 days 22:20:00,10.1634,0.7062
20 days 22:30:00,12.1183,0.7883
20 days 22:40:00,6.0648,0.4743
20 days 22:50:00,11.8324,0.6497
20 days 23:00:00,5.3937,0.1522
20 days 23:10:00,13.3224,0.7793
20 days 23:20:00,18.1004,1.2907
20 days 23:30:00,13.0516,0.3183
20 days 23:40:00,14.5657,0.6934
20 days 23:50:00,17.9563,1.5524
21 days 00:00:00,7.8899,0.6984
21 days 00:10:00,6.1317,0.2407
21 days 00:20:00,5.0849,0.651
21 days 00:30:00,15.7735,0.8035
21 days 00:40:00,20.9785,2.1515
21 days 00:50:00,7.9947,0.612
21 days 01:00:00,7.3023,0.4078
21 days 01:10:00,5.738,0.3687
21 days 01:20:00,7.2001,0.4355
21 days 01:30:00,11.0156,0.6576
21 days 01:40:00,8.6791,0.3446
21 days 01:50:00,9.0707,0.3323
21 days 02:00:00,11.0907,0.7545
21 days 02:10:00,6.8116,0.4653
21 days 02:20:00,13.642,1.2162
21 days 02:30:00,6.2926,0.487
21 days 02:40:00,5.2417,0.3147
21 days 02:50:00,8.6007,0.4858
21 days 03:00:00,16.9427,1.0823
21 days 03:10:00,4.749,0.2693
21 days 03:20:00,8.8424,0.5572
21 days 03:30:00,4.7471,0.316
21 days 03:40:00,12.418,0.5866
21 days 03:50:00,5.2106,0.3712
21 days 04:00:00,5.965,0.6694
21 days 04:10:00,11.1464,0.5049
21 days 04:20:00,4.3413,0.5698
21 days 04:30:00,6.0588,0.7244
21 days 04:40:00,17.6472,1.7368
21 days 04:50:00,8.6773,0.4524
21 days 05:00:00,9.2839,0.7057
21 days 05:10:00,6.32,0.3919
21 days 05:20:00,8.6964,0.3326
21 days 05:30:00,6.8826,0.3016
21 days 05:40:00,7.0041,0.6881
21 days 05:50:00,15.7036,0.9165
21 days 06:00:00,13.1943,0.5451
21 days 06:10:00,12.4545,0.5474
21 days 06:20:00,9.7741,0.5816
21 days 06:30:00,7.9639,0.4482
21 days 06:40:00,18.6345,1.5401
21 days 06:50:00,6.4682,0.3611
21 days 07:00:00,3.7806,0.0996
21 days 07:10:00,19.6644,0.8517
21 days 07:20:00,3.7184,0.4096
21 days 07:30:00,10.1576,0.6024
21 days 07:40:00,5.1472,0.2229
21 days 07:50:00,16.1719,1.0071
21 days 08:00:00,8.9548,0.1591
21 days 08:10:00,7.1806,0.4927
21 days 08:20:00,8.455,0.5945
21 days 08:30:00,7.1579,0.6961
21 days 08:40:00,7.1402,0.4121
21 days 08:50:00,12.0662,0.598
21 days 09:00:00,11.3678,0.8462
21 days 09:10:00,6.775,0.6306
21 days 09:20:00,10.1617,0.3023
21 days 09:30:00,14.3966,0.276
21 days 09:40:00,9.8984,0.8181
21 days 09:50:00,11.6009,0.2821
21 days 10:00:00,10.7025,0.4378
21 days 10:10:00,13.6002,0.9766
21 days 10:20:00,11.058,0.5003
21 days 10:30:00,4.5966,0.4394
21 days 10:40:00,22.3279,1.4905
21 days 10:50:00,18.2437,0.9578
21 days 11:00:00,18.0225,0.8594
21 days 11:10:00,9.4841,0.5174
21 days 11:20:00,14.4941,0.4919
21 days 11:30:00,9.3444,0.1159
21 days 11:40:00,7.3396,0.1774
21 days 11:50:00,12.6959,0.9185
21 days 12:00:00,6.7459,0.7303
21 days 12:10:00,11.0384,0.4405
21 days 12:20:00,10.3062,0.5684
21 days 12:30:00,9.7806,0.5308
21 days 12:40:00,10.0263,0.3272
21 days 12:50:00,12.0433,0.1687
21 days 13:00:00,4.6184,0.1961
21 days 13:10:00,11.8119,0.4452
21 days 13:20:00,21.3873,1.9688
21 days 13:30:00,7.973,0.3372
21 days 13:40:00,5.1456,0.475
21 days 13:50:00,6.201,0.7438
21 days 14:00:00,12.8283,0.7846
21 days 14:10:00,14.7549,0.4645
21 days 14:20:00,12.6003,0.4457
21 days 14:30:00,4.0144,0.3987
21 days 14:40:00,15.1207,1.3079
21 days 14:50:00,6.3158,0.2874
21 days 15:00:00,3.7941,0.3005
21 days 15:10:00,12.1826,0.7939
21 days 15:20:00,7.9819,0.1221
21 days 15:30:00,4.4297,0.3807
21 days 15:40:00,7.4546,0.3379
21 days 15:50:00,5.8862,0.5977
21 days 16:00:00,15.3805,0.6831
21 days 16:10:00,11.1012,0.3424
21 days 16:20:00,6.5562,0.5437
21 days 16:30:00,14.1515,0.6093
21 days 16:40:00,4.7341,0.2624
21 days 16:50:00,15.0621,1.0951
21 days 17:00:00,10.0934,0.6341
21 days 17:10:00,12.8914,0.4963
21 days 17:20:00,10.3174,0.6654
21 days 17:30:00,12.2353,0.8818
21 days 17:40:00,7.1014,0.2658
21 days 17:50:00,8.8557,0.738
21 days 18:00:00,4.0498,0.7539
21 days 18:10:00,15.15,1.243
21 days 18:20:00,12.5421,0.716
21 days 18:30:00,17.71,1.4653
21 days 18:40:00,4.2305,0.3048
21 days 18:50:00,7.8423,0.8484
21 days 19:00:00,7.1586,0.3727
21 days 19:10:00,22.4883,1.7911
21 days 19:20:00,7.5337,0.635
21 days 19:30:00,8.3047,0.8615
21 days 19:40:00,16.6382,1.3389
21 days 19:50:00,20.7071,1.9299
21 days 20:00:00,8.6063,0.5013
21 days 20:10:00,7.9768,0.7267
21 days 20:20:00,6.424,0.3746
21 days 20:30:00,5.8412,0.4104
21 days 20:40:00,11.371,0.6176
21 days 20:50:00,3.9312,0.3737
21 days 21:00:00,12.9203,0.4082
21 days 21:10:00,15.8842,0.848
21 days 21:20:00,14.5369,0.946
21 days 21:30:00,11.355,0.7872
21 days 21:40:00,12.5215,0.7029
21 days 21:50:00,5.4164,0.4066
21 days 22:00:00,9.4796,0.6994
21 days 22:10:00,19.0812,1.2184
21 days 22:20:00,13.3943,0.8973
21 days 22:30:00,5.9555,0.5008
21 days 22:40:00,18.9666,1.4051
21 days 22:50:00,15.9083,1.3498
21 days 23:00:00,6.5625,0.5564
21 days 23:10:00,7.4713,0.204
21 days 23:20:00,10.7132,0.4202
21 days 23:30:00,9.0559,0.5787
21 days 23:40:00,5.4727,0.4534
21 days 23:50:00,4.8834,0.5075
22 days 00:00:00,7.7192,0.1481
22 days 00:10:00,12.8661,0.3596
22 days 00:20:00,8.5864,0.4522
22 days 00:30:00,6.3342,0.4481
22 days 00:40:00,15.0675,0.3546
22 days 00:50:00,16.5739,0.6089
22 days 01:00:00,14.597,0.9581
22 days 01:10:00,5.4397,0.2845
22 days 01:20:00,13.3589,0.6431
22 days 01:30:00,13.5078,0.7342
22 days 01:40:00,13.9009,0.5448
22 days 01:50:00,5.6223,0.4905
22 days 02:00:00,15.4408,0.8556
22 days 02:10:00,8.692,0.6464
22 days 02:20:00,9.8488,0.6019
22 days 02:30:00,4.9227,0.1193
22 days 02:40:00,3.5741,0.1192
22 days 02:50:00,9.9472,0.6086
22 days 03:00:00,5.691,0.7334
22 days 03:10:00,9.2633,0.3699
22 days 03:20:00,8.4479,0.7161
22 days 03:30:00,13.9603,0.9552
22 days 03:40:00,8.7992,0.3105
22 days 03:50:00,10.5884,0.641
22 days 04:00:00,13.7346,0.7244
22 days 04:10:00,14.6816,1.1999
22 days 04:20:00,17.9471,1.1925
22 days 04:30:00,8.8206,0.3231
22 days 04:40:00,14.8957,0.7537
22 days 04:50:00,7.6926,0.5813
22 days 05:00:00,3.0223,0.1577
22 days 05:10:00,9.3087,0.7298
22 days 05:20:00,8.1173,0.2478
22 days 05:30:00,11.5997,0.525
22 days 05:40:00,10.564,0.5824
22 days 05:50:00,9.9577,0.5759
22 days 06:00:00,12.7698,1.1219
22 days 06:10:00,15.5644,2.4437
22 days 06:20:00,12.2915,0.3571
22 days 06:30:00,9.5539,1.1962
22 days 06:40:00,13.9852,0.7967
22 days 06:50:00,22.2228,1.8707
22 days 07:00:00,4.2072,0.7281
22 days 07:10:00,9.9258,0.4301
22 days 07:20:00,9.4285,0.616
22 days 07:30:00,5.2606,0.544
22 days 07:40:00,8.3358,0.3562
22 days 07:50:00,9.2909,0.5737
22 days 08:00:00,7.1006,0.3083
22 days 08:10:00,4.6189,0.329
22 days 08:20:00,16.4982,1.1683
22 days 08:30:00,18.6403,0.9328
22 days 08:40:00,20.1593,1.3188
22 days 08:50:00,5.0407,0.5006
22 days 09:00:00,8.9055,0.5804
22 days 09:10:00,8.5271,0.5076
22 days 09:20:00,17.1651,0.7146
22 days 09:30:00,11.9869,0.6244
22 days 09:40:00,18.6671,1.3056
22 days 09:50:00,11.8779,1.2164
22 days 10:00:00,4.3674,0.5069
22 days 10:10:00,12.7546,0.6897
22 days 10:20:00,11.8584,1.7403
22 days 10:30:00,15.3022,0.855
22 days 10:40:00,11.3124,0.6942
22 days 10:50:00,14.5118,0.7521
22 days 11:00:00,13.3527,0.6325
22 days 11:10:00,17.9806,1.2462
22 days 11:20:00,10.1942,0.5693
22 days 11:30:00,17.6313,2.4936
22 days 11:40:00,3.5823,0.3427
22 days 11:50:00,17.4023,0.9749
22 days 12:00:00,7.1352,0.187
22 days 12:10:00,10.8433,0.4533
22 days 12:20:00,12.8463,0.7218
22 days 12:30:00,7.9829,0.5318
22 days 12:40:00,15.0823,0.4875
22 days 12:50:00,15.7333,1.1163
22 days 13:00:00,10.2637,0.6012
22 days 13:10:00,6.2866,0.4906
22 days 13:20:00,13.1054,0.6932
22 days 13:30:00,5.2004,0.3914
22 days 13:40:00,3.3343,0.1182
22 days 13:50:00,15.9786,0.7668
22 days 14:00:00,11.5283,0.7839
22 days 14:10:00,7.1513,0.5751
22 days 14:20:00,9.6026,0.2752
22 days 14:30:00,8.9496,0.3588
22 days 14:40:00,8.7051,0.7108
22 days 14:50:00,7.1402,0.5714
22 days 15:00:00,5.4208,0.656
22 days 15:10:00,18.0773,2.3843
22 days 15:20:00,11.4577,0.2977
22 days 15:30:00,14.1775,0.9046
22 days 15:40:00,16.5312,1.0547
22 days 15:50:00,6.9424,0.8146
22 days 16:00:00,10.2265,0.6432
22 days 16:10:00,8.5133,0.3825
22 days 16:20:00,14.6455,0.5645
22 days 16:30:00,3.691,0.2434
22 days 16:40:00,9.7944,0.7799
22 days 16:50:00,4.9443,0.5718
22 days 17:00:00,12.2301,0.6154
22 days 17:10:00,13.9816,0.6342
22 days 17:20:00,13.9525,0.8557
22 days 17:30:00,15.305,0.9183
22 days 17:40:00,19.3845,2.0157
22 days 17:50:00,8.0077,0.1749
22 days 18:00:00,10.1378,0.6722
22 days 18:10:00,6.818,0.6815
22 days 18:20:00,12.9894,0.4558
22 days 18:30:00,16.5894,0.6743
22 days 18:40:00,8.7266,0.6717
22 days 18:50:00,8.2652,0.918
22 days 19:00:00,5.6472,0.5622
22 days 19:10:00,6.2196,0.5676
22 days 19:20:00,16.4182,1.5556
22 days 19:30:00,11.2443,0.939
22 days 19:40:00,7.778,0.2472
22 days 19:50:00,14.8725,0.7772
22 days 20:00:00,7.528,0.3884
22 days 20:10:00,7.9807,0.3668
22 days 20:20:00,15.5719,0.725
22 days 20:30:00,9.9574,0.5439
22 days 20:40:00,9.2037,0.2481
22 days 20:50:00,8.4209,0.4821
22 days 21:00:00,14.1554,0.7641
22 days 21:10:00,10.8919,0.4814
22 days 21:20:00,10.1948,0.4119
22 days 21:30:00,19.6622,1.5321
22 days 21:40:00,14.1372,1.254
22 days 21:50:00,11.121,1.2275
22 days 22:00:00,8.9551,0.4085
22 days 22:10:00,4.7238,0.4954
22 days 22:20:00,12.0738,0.1989
22 days 22:30:00,11.4284,0.5054
22 days 22:40:00,19.7401,1.6105
22 days 22:50:00,5.0326,0.7212
22 days 23:00:00,10.5348,0.863
22 days 23:10:00,10.5327,0.4306
22 days 23:20:00,4.8404,0.243
22 days 23:30:00,10.7946,0.3757
22 days 23:40:00,13.136,0.6148
22 days 23:50:00,4.1291,0.4717
23 days 00:00:00,6.8028,0.8843
23 days 00:10:00,19.4367,1.3683
23 days 00:20:00,8.8705,0.6395
23 days 00:30:00,5.1108,0.6187
23 days 00:40:00,8.2598,0.4426
23 days 00:50:00,14.5736,1.0305
23 days 01:00:00,11.5715,0.5879
23 days 01:10:00,18.4846,1.3054
23 days 01:20:00,10.6829,0.6223
23 days 01:30:00,5.1007,0.2282
23 days 01:40:00,12.6705,0.7765
23 days 01:50:00,10.4561,0.7977
23 days 02:00:00,19.8988,1.066
23 days 02:10:00,14.8069,0.822
23 days 02:20:00,3.7576,0.3323
23 days 02:30:00,16.9635,1.4323
23 days 02:40:00,9.172,0.6698
23 days 02:50:00,10.3428,0.294
23 days 03:00:00,14.564,0.455
23 days 03:10:00,10.1956,0.6097
23 days 03:20:00,10.6035,0.4013
23 days 03:30:00,8.4528,0.6947
23 days 03:40:00,7.8669,0.4713
23 days 03:50:00,10.8802,0.5481
23 days 04:00:00,13.0277,0.6965
23 days 04:10:00,13.3464,1.0587
23 days 04:20:00,11.9226,0.9717
23 days 04:30:00,3.834,0.3147
23 days 04:40:00,5.9311,0.716
23 days 04:50:00,8.3964,0.6388
23 days 05:00:00,11.6582,0.5812
23 days 05:10:00,12.1859,0.6036
23 days 05:20:00,10.9615,0.5646
23 days 05:30:00,4.6284,0.7859
23 days 05:40:00,11.3784,0.151
23 days 05:50:00,8.3733,0.365
23 days 06:00:00,13.8059,0.7663
23 days 06:10:00,4.7128,0.5331
23 days 06:20:00,8.0318,0.7343
23 days 06:30:00,6.2054,0.5127
23 days 06:40:00,4.7998,0.3569
23 days 06:50:00,10.5124,0.2709
23 days 07:00:00,6.3333,0.3314
23 days 07:10:00,6.1553,0.2435
23 days 07:20:00,10.3647,0.8645
23 days 07:30:00,14.7433,0.5833
23 days 07:40:00,5.0434,0.4478
23 days 07:50:00,8.1088,0.4596
23 days 08:00:00,10.7651,0.4538
23 days 08:10:00,12.8785,0.6375
23 days 08:20:00,16.0529,0.3861
23 days 08:30:00,14.0374,0.3826
23 days 08:40:00,3.6338,0.2947
23 days 08:50:00,12.0085,1.124
23 days 09:00:00,9.2807,0.2663
23 days 09:10:00,8.4255,0.2736
23 days 09:20:00,10.6969,0.5335
23 days 09:30:00,17.076,1.1887
23 days 09:40:00,14.2051,0.7781
23 days 09:50:00,9.4456,0.1794
23 days 10:00:00,13.3222,0.5016
23 days 10:10:00,13.8415,0.7938
23 days 10:20:00,12.0028,0.8735
23 days 10:30:00,10.0354,0.8516
23 days 10:40:00,5.6922,0.2095
23 days 10:50:00,6.3009,0.2963
23 days 11:00:00,7.9104,0.641
23 days 11:10:00,5.356,0.4326
23 days 11:20:00,11.8634,0.8622
23 days 11:30:00,7.6035,0.7596
23 days 11:40:00,5.6058,0.4022
23 days 11:50:00,10.0313,0.3942
23 days 12:00:00,13.9744,1.0316
23 days 12:10:00,14.3791,0.9157
23 days 12:20:00,8.6125,0.707
23 days 12:30:00,8.3248,0.1609
23 days 12:40:00,8.4573,0.7485
23 days 12:50:00,14.3655,0.9049
23 days 13:00:00,5.8128,0.7274
23 days 13:10:00,13.1326,0.6148
23 days 13:20:00,10.181,0.6497
23 days 13:30:00,12.0267,0.8249
23 days 13:40:00,17.803,1.1116
23 days 13:50:00,14.7797,0.885
23 days 14:00:00,12.4258,0.9774
23 days 14:10:00,2.5357,0.1237
23 days 14:20:00,14.9895,0.8543
23 days 14:30:00,12.7072,0.3369
23 days 14:40:00,8.9397,0.3915
23 days 14:50:00,10.7599,0.4334
23 days 15:00:00,7.8851,0.6557
23 days 15:10:00,7.5995,0.5986
23 days 15:20:00,6.4723,0.5976
23 days 15:30:00,5.0167,0.0939
23 days 15:40:00,8.3457,0.5612
23 days 15:50:00,11.7277,0.8978
23 days 16:00:00,9.3004,0.6304
23 days 16:10:00,14.0067,1.0791
23 days 16:20:00,3.5262,0.3645
23 days 16:30:00,15.653,0.826
23 days 16:40:00,8.132,1.0137
23 days 16:50:00,9.7584,0.6607
23 days 17:00:00,15.7543,0.617
23 days 17:10:00,12.9355,0.7597
23 days 17:20:00,13.5,0.3651
23 days 17:30:00,8.2096,0.5418
23 days 17:40:00,8.5552,0.4389
23 days 17:50:00,11.4145,0.8181
23 days 18:00:00,5.5713,0.099
23 days 18:10:00,6.796,0.3642
23 days 18:20:00,6.0871,0.2692
23 days 18:30:00,12.0212,0.7638
23 days 18:40:00,7.5622,0.356
23 days 18:50:00,8.8766,0.6215
23 days 19:00:00,12.43,0.7299
23 days 19:10:00,9.1868,0.4691
23 days 19:20:00,10.5432,0.8252
23 days 19:30:00,17.0903,1.3576
23 days 19:40:00,15.2064,0.7259
23 days 19:50:00,11.8571,0.5685
23 days 20:00:00,9.332,0.1886
23 days 20:10:00,17.0228,0.8513
23 days 20:20:00,17.165,1.5518
23 days 20:30:00,12.5738,0.6999
23 days 20:40:00,11.9033,0.7668
23 days 20:50:00,5.1025,0.543
23 days 21:00:00,3.9346,0.1657
23 days 21:10:00,11.8792,0.4535
23 days 21:20:00,7.1019,0.4666
23 days 21:30:00,13.2514,0.7133
23 days 21:40:00,5.3533,0.2627
23 days 21:50:00,8.9316,0.5492
23 days 22:00:00,10.3247,0.7705
23 days 22:10:00,11.6568,0.3213
23 days 22:20:00,4.9701,0.2361
23 days 22:30:00,5.5828,0.4481
23 days 22:40:00,12.058,0.3016
23 days 22:50:00,11.5185,0.7363
23 days 23:00:00,16.2362,0.8835
23 days 23:10:00,13.5727,0.8105
23 days 23:20:00,8.4548,0.9171
23 days 23:30:00,9.69,0.2493
23 days 23:40:00,10.0092,0.3444
23 days 23:50:00,5.897,0.4812
24 days 00:00:00,15.6394,0.8739
24 days 00:10:00,15.5416,0.6032
24 days 00:20:00,9.3225,0.5908
24 days 00:30:00,12.8448,1.0697
24 days 00:40:00,17.287,0.9657
24 days 00:50:00,3.752,0.2919
24 days 01:00:00,4.6765,0.3894
24 days 01:10:00,8.4603,0.3895
24 days 01:20:00,7.1334,0.2821
24 days 01:30:00,19.113,1.5894
24 days 01:40:00,15.3211,1.0279
24 days 01:50:00,16.7548,1.07
24 days 02:00:00,8.8536,0.8354
24 days 02:10:00,10.7014,0.8794
24 days 02:20:00,7.8591,0.4628
24 days 02:30:00,3.7431,0.4354
24 days 02:40:00,10.1107,0.484
24 days 02:50:00,10.7289,0.4371
24 days 03:00:00,7.268,0.3091
24 days 03:10:00,8.3392,0.6061
24 days 03:20:00,6.3019,0.5906
24 days 03:30:00,5.2067,0.4808
24 days 03:40:00,14.0243,0.905
24 days 03:50:00,13.9906,0.8573
24 days 04:00:00,4.5369,0.3237
24 days 04:10:00,5.7286,0.1974
24 days 04:20:00,11.5368,0.8084
24 days 04:30:00,17.4681,1.5434
24 days 04:40:00,11.3228,0.7723
24 days 04:50:00,17.0625,0.6488
24 days 05:00:00,13.6013,0.5879
24 days 05:10:00,8.4113,0.584
24 days 05:20:00,9.9465,0.8932
24 days 05:30:00,14.604,0.9683
24 days 05:40:00,6.6277,0.6693
24 days 05:50:00,8.6533,0.5811
24 days 06:00:00,7.5713,0.5971
24 days 06:10:00,3.0793,0.2298
24 days 06:20:00,13.1075,0.5692
24 days 06:30:00,10.5386,0.744
24 days 06:40:00,16.3523,1.038
24 days 06:50:00,4.5561,0.308
24 days 07:00:00,15.0749,0.6805
24 days 07:10:00,16.971,1.3248
24 days 07:20:00,7.4128,0.6454
24 days 07:30:00,9.9366,0.757
24 days 07:40:00,18.5059,0.8947
24 days 07:50:00,14.4893,0.9117
24 days 08:00:00,12.0104,0.4659
24 days 08:10:00,9.8379,0.2544
24 days 08:20:00,8.4715,0.7444
24 days 08:30:00,8.7094,0.8101
24 days 08:40:00,4.8493,0.5328
24 days 08:50:00,18.3098,1.2384
24 days 09:00:00,13.9242,0.5991
24 days 09:10:00,15.8458,1.0868
24 days 09:20:00,10.403,0.6323
24 days 09:30:00,9.8092,0.4651
24 days 09:40:00,11.3107,0.7951
24 days 09:50:00,10.2893,0.7886
24 days 10:00:00,4.9992,0.4925
24 days 10:10:00,12.8214,0.6975
24 days 10:20:00,13.0686,0.8297
24 days 10:30:00,13.323,0.6001
24 days 10:40:00,12.878,0.2149
24 days 10:50:00,23.615,2.1388
24 days 11:00:00,12.9756,0.3671
24 days 11:10:00,4.5921,0.2936
24 days 11:20:00,4.2335,0.2167
24 days 11:30:00,10.3184,0.4287
24 days 11:40:00,7.829,0.1119
24 days 11:50:00,12.8013,0.9197
24 days 12:00:00,5.6411,0.762
24 days 12:10:00,14.1627,0.7112
24 days 12:20:00,8.3637,0.5627
24 days 12:30:00,7.903,0.5637
24 days 12:40:00,8.3681,0.667
24 days 12:50:00,11.5844,0.7095
24 days 13:00:00,8.3119,0.3626
24 days 13:10:00,13.6783,1.0677
24 days 13:20:00,16.3567,0.6246
24 days 13:30:00,9.8776,0.5273
24 days 13:40:00,6.1439,0.4152
24 days 13:50:00,8.0382,0.1809
24 days 14:00:00,11.5938,0.3883
24 days 14:10:00,11.7141,0.9241
24 days 14:20:00,10.7594,0.6888
24 days 14:30:00,2.8327,0.2219
24 days 14:40:00,21.9868,2.0876
24 days 14:50:00,6.6026,0.1836
24 days 15:00:00,12.7604,0.9215
24 days 15:10:00,3.398,0.2809
24 days 15:20:00,10.0594,0.6198
24 days 15:30:00,8.4493,0.4757
24 days 15:40:00,13.3955,0.6064
24 days 15:50:00,9.0059,1.2077
24 days 16:00:00,6.4839,0.364
24 days 16:10:00,10.3222,0.2809
24 days 16:20:00,21.4499,1.4069
24 days 16:30:00,6.1353,0.7576
24 days 16:40:00,12.884,0.2571
24 days 16:50:00,11.873,0.4736
24 days 17:00:00,5.9003,0.3532
24 days 17:10:00,16.5238,1.2966
24 days 17:20:00,5.8524,0.7626
24 days 17:30:00,5.3237,0.4531
24 days 17:40:00,16.1371,1.3218
24 days 17:50:00,10.9672,1.0301
24 days 18:00:00,4.7798,0.1562
24 days 18:10:00,8.21,0.4297
24 days 18:20:00,9.8935,0.3631
24 days 18:30:00,12.262,0.8821
24 days 18:40:00,17.0987,1.3161
24 days 18:50:00,13.6901,0.9327
24 days 19:00:00,8.686,0.4294
24 days 19:10:00,3.1882,0.1415
24 days 19:20:00,10.6024,0.3083
24 days 19:30:00,16.5342,0.9463
24 days 19:40:00,16.3642,1.1413
24 days 19:50:00,8.5033,0.7137
24 days 20:00:00,9.2082,0.7765
24 days 20:10:00,4.0773,0.3167
24 days 20:20:00,8.5407,0.4331
24 days 20:30:00,6.6683,0.409
24 days 20:40:00,9.9967,0.6745
24 days 20:50:00,14.5396,0.9022
24 days 21:00:00,6.6618,0.3718
24 days 21:10:00,10.2104,0.6051
24 days 21:20:00,9.5662,0.3405
24 days 21:30:00,11.7822,2.6311
24 days 21:40:00,8.3727,0.7468
24 days 21:50:00,4.6273,0.1219
24 days 22:00:00,11.9515,1.2629
24 days 22:10:00,3.4643,0.1137
24 days 22:20:00,10.159,0.7324
24 days 22:30:00,9.5423,0.484
24 days 22:40:00,7.4348,0.4153
24 days 22:50:00,9.8327,0.4747
24 days 23:00:00,13.911,0.7153
24 days 23:10:00,10.592,0.775
24 days 23:20:00,2.858,0.2247
24 days 23:30:00,4.3893,0.5888
24 days 23:40:00,18.5315,1.2971
24 days 23:50:00,14.8519,0.68
25 days 00:00:00,8.0916,0.4386
25 days 00:10:00,3.8834,0.5307
25 days 00:20:00,9.1355,0.6258
25 days 00:30:00,15.4681,0.6686
25 days 00:40:00,24.1671,2.1664
25 days 00:50:00,9.7414,0.3843
25 days 01:00:00,18.5552,0.8615
25 days 01:10:00,14.2134,0.8386
25 days 01:20:00,12.5317,0.2893
25 days 01:30:00,15.6391,0.9933
25 days 01:40:00,7.3987,0.4511
25 days 01:50:00,14.3945,1.0364
25 days 02:00:00,11.4866,0.2023
25 days 02:10:00,13.5321,0.8425
25 days 02:20:00,16.0439,1.3299
25 days 02:30:00,13.5386,1.4467
25 days 02:40:00,12.8251,0.4255
25 days 02:50:00,10.1247,0.4718
25 days 03:00:00,8.8137,0.5613
25 days 03:10:00,9.767,0.8335
25 days 03:20:00,16.387,1.3428
25 days 03:30:00,7.5957,0.579
25 days 03:40:00,20.8499,1.4815
25 days 03:50:00,5.3663,0.678
25 days 04:00:00,11.057,0.5158
25 days 04:10:00,4.1962,0.373
25 days 04:20:00,10.2217,0.7115
25 days 04:30:00,11.184,0.37
25 days 04:40:00,10.7258,0.8609
25 days 04:50:00,16.2004,0.8319
25 days 05:00:00,9.5769,0.7185
25 days 05:10:00,9.1153,0.5331
25 days 05:20:00,22.3193,2.2794
25 days 05:30:00,4.3427,0.3484
25 days 05:40:00,5.3598,0.367
25 days 05:50:00,15.0966,1.1554
25 days 06:00:00,6.9665,0.4382
25 days 06:10:00,17.5711,0.9214
25 days 06:20:00,10.9057,0.7667
25 days 06:30:00,5.8913,0.4085
25 days 06:40:00,12.4099,0.4146
25 days 06:50:00,12.4054,0.4631
25 days 07:00:00,7.7117,0.667
25 days 07:10:00,9.5429,0.5823
25 days 07:20:00,9.1238,0.4554
25 days 07:30:00,10.7158,0.6434
25 days 07:40:00,6.0312,0.4738
25 days 07:50:00,7.5367,0.448
25 days 08:00:00,13.0749,1.048
25 days 08:10:00,5.6982,0.8416
25 days 08:20:00,11.3894,0.8186
25 days 08:30:00,9.1372,0.9084
25 days 08:40:00,17.4415,2.1201
25 days 08:50:00,16.115,0.8095
25 days 09:00:00,16.7995,1.35
25 days 09:10:00,11.0713,1.0227
25 days 09:20:00,10.7223,0.6437
25 days 09:30:00,17.7678,1.4133
25 days 09:40:00,14.1321,0.7747
25 days 09:50:00,13.6362,1.1284
25 days 10:00:00,6.4643,0.5108
25 days 10:10:00,8.8756,0.5684
25 days 10:20:00,12.6379,0.8534
25 days 10:30:00,8.1852,0.785
25 days 10:40:00,14.4687,0.8621
25 days 10:50:00,9.2207,0.4961
25 days 11:00:00,14.106,1.5697
25 days 11:10:00,5.9437,0.624
25 days 11:20:00,11.876,0.3447
25 days 11:30:00,11.7471,0.6863
25 days 11:40:00,12.6667,0.3747
25 days 11:50:00,6.575,0.5617
25 days 12:00:00,12.0645,0.3952
25 days 12:10:00,7.3647,0.2922
25 days 12:20:00,7.0814,0.4322
25 days 12:30:00,14.6794,0.4322
25 days 12:40:00,12.4848,0.6238
25 days 12:50:00,10.2516,0.8013
25 days 13:00:00,15.8332,1.6945
25 days 13:10:00,14.1911,0.6391
25 days 13:20:00,23.0462,1.2611
25 days 13:30:00,18.5813,0.8001
25 days 13:40:00,11.8324,0.6497
25 days 13:50:00,9.2526,0.391
25 days 14:00:00,6.4417,0.5892
25 days 14:10:00,5.143,0.3767
25 days 14:20:00,11.8089,0.7462
25 days 14:30:00,4.873,0.7084
25 days 14:40:00,9.5785,0.6102
25 days 14:50:00,10.9339,0.5516
25 days 15:00:00,8.3451,0.5088
25 days 15:10:00,5.3901,0.1687
25 days 15:20:00,8.5791,0.6594
25 days 15:30:00,14.3146,0.5068
25 days 15:40:00,4.3816,0.3459
25 days 15:50:00,9.1196,0.4653
25 days 16:00:00,11.5993,0.4471
25 days 16:10:00,12.3641,0.7911
25 days 16:20:00,11.6294,0.9385
25 days 16:30:00,5.0688,0.427
25 days 16:40:00,13.0898,1.0171
25 days 16:50:00,23.3212,2.0036
25 days 17:00:00,11.7634,0.4132
25 days 17:10:00,6.9933,0.3827
25 days 17:20:00,13.5104,1.1185
25 days 17:30:00,14.5318,0.4785
25 days 17:40:00,4.8232,0.3592
25 days 17:50:00,13.1887,0.7511
25 days 18:00:00,10.246,1.2065
25 days 18:10:00,11.1146,0.9874
25 days 18:20:00,9.2868,0.3093
25 days 18:30:00,10.7229,0.4177
25 days 18:40:00,6.0651,0.2666
25 days 18:50:00,13.2324,0.6681
25 days 19:00:00,11.1699,0.3106
25 days 19:10:00,8.9654,1.0867
25 days 19:20:00,16.9379,1.1559
25 days 19:30:00,7.4858,0.7143
25 days 19:40:00,15.0553,0.9926
25 days 19:50:00,5.029,0.5086
25 days 20:00:00,12.7363,0.7041
25 days 20:10:00,6.0657,0.3965
25 days 20:20:00,7.3785,0.3506
25 days 20:30:00,13.9121,0.4753
25 days 20:40:00,14.9655,1.2702
25 days 20:50:00,7.5769,0.2422
25 days 21:00:00,6.987,0.6023
25 days 21:10:00,12.0901,0.6876
25 days 21:20:00,14.218,0.4747
25 days 21:30:00,13.4742,0.9344
25 days 21:40:00,9.8939,0.2327
25 days 21:50:00,8.7255,0.3196
25 days 22:00:00,5.2959,0.5078
25 days 22:10:00,5.688,0.3944
25 days 22:20:00,8.836,0.4176
25 days 22:30:00,17.9985,1.2185
25 days 22:40:00,5.526,0.3681
25 days 22:50:00,10.4403,0.8217
25 days 23:00:00,18.0507,1.152
25 days 23:10:00,6.6381,0.5288
25 days 23:20:00,13.9931,1.0658
25 days 23:30:00,15.4999,0.6672
25 days 23:40:00,3.0715,0.1664
25 days 23:50:00,8.5845,0.3425
26 days 00:00:00,10.9002,0.2802
26 days 00:10:00,13.6009,1.1466
26 days 00:20:00,12.4548,1.303
26 days 00:30:00,3.8996,0.4853
26 days 00:40:00,13.337,0.444
26 days 00:50:00,10.4543,0.6276
26 days 01:00:00,5.0118,0.3018
26 days 01:10:00,7.185,0.8142
26 days 01:20:00,4.8779,0.4949
26 days 01:30:00,7.9501,0.5643
26 days 01:40:00,3.6609,0.3187
26 days 01:50:00,7.5651,0.9902
26 days 02:00:00,13.1688,0.8779
26 days 02:10:00,8.3557,0.61
26 days 02:20:00,11.9477,0.683
26 days 02:30:00,6.677,0.6046
26 days 02:40:00,3.0482,0.4167
26 days 02:50:00,10.7708,1.1703
26 days 03:00:00,5.2115,0.3015
26 days 03:10:00,7.9545,0.6279
26 days 03:20:00,13.3963,1.3136
26 days 03:30:00,14.5584,1.0613
26 days 03:40:00,9.5488,0.5963
26 days 03:50:00,14.019,0.7558
26 days 04:00:00,12.6914,1.3664
26 days 04:10:00,10.4551,0.2269
26 days 04:20:00,19.3357,1.4938
26 days 04:30:00,14.3766,1.0442
26 days 04:40:00,8.8154,0.5824
26 days 04:50:00,4.2834,0.4227
26 days 05:00:00,8.7758,0.6819
26 days 05:10:00,11.549,0.745
26 days 05:20:00,5.8131,0.4566
26 days 05:30:00,16.63,1.2155
26 days 05:40:00,9.0834,0.5745
26 days 05:50:00,8.1625,0.6637
26 days 06:00:00,10.5365,0.8862
26 days 06:10:00,7.7193,0.2409
26 days 06:20:00,9.419,0.975
26 days 06:30:00,7.3344,0.3777
26 days 06:40:00,10.1468,0.3973
26 days 06:50:00,9.2687,0.6055
26 days 07:00:00,5.821,0.3385
26 days 07:10:00,9.1265,0.3288
26 days 07:20:00,5.2652,0.4553
26 days 07:30:00,14.8155,0.988
26 days 07:40:00,14.1615,0.9557
26 days 07:50:00,5.5825,0.5392
26 days 08:00:00,5.7642,0.4859
26 days 08:10:00,7.2819,0.6491
26 days 08:20:00,16.6592,0.8589
26 days 08:30:00,8.8087,0.5502
26 days 08:40:00,12.5218,0.9344
26 days 08:50:00,11.7495,0.7065
26 days 09:00:00,10.5254,1.0896
26 days 09:10:00,10.0611,1.1633
26 days 09:20:00,4.5437,0.1511
26 days 09:30:00,8.1006,0.4252
26 days 09:40:00,19.3636,0.7242
26 days 09:50:00,12.5594,0.8666
26 days 10:00:00,14.9983,2.8634
26 days 10:10:00,14.3133,0.6841
26 days 10:20:00,14.4985,1.0865
26 days 10:30:00,12.6667,1.2769
26 days 10:40:00,6.3464,0.3412
26 days 10:50:00,12.6921,0.4206
26 days 11:00:00,22.9065,1.6482
26 days 11:10:00,9.3923,0.707
26 days 11:20:00,15.4208,1.2757
26 days 11:30:00,8.0955,0.48
26 days 11:40:00,8.0873,0.3727
26 days 11:50:00,10.5937,0.9213
26 days 12:00:00,14.2785,1.3685
26 days 12:10:00,8.5618,0.5149
26 days 12:20:00,6.2307,0.1607
26 days 12:30:00,12.0144,0.7188
26 days 12:40:00,12.6801,0.4476
26 days 12:50:00,13.3127,0.6271
26 days 13:00:00,12.2738,0.7877
26 days 13:10:00,6.6569,0.6064
26 days 13:20:00,10.0328,0.6564
26 days 13:30:00,19.0938,1.0407
26 days 13:40:00,20.7063,1.5531
26 days 13:50:00,7.5879,0.5094
26 days 14:00:00,14.9801,1.0374
26 days 14:10:00,8.0099,0.8442
26 days 14:20:00,9.8562,0.5317
26 days 14:30:00,12.502,3.3855
26 days 14:40:00,10.8757,0.6698
26 days 14:50:00,10.0461,0.7103
26 days 15:00:00,9.3442,0.542
26 days 15:10:00,4.7981,0.212
26 days 15:20:00,9.0613,0.8907
26 days 15:30:00,16.0776,0.5631
26 days 15:40:00,5.2353,0.5142
26 days 15:50:00,16.6719,1.1385
26 days 16:00:00,10.0075,0.8524
26 days 16:10:00,23.1081,2.3226
26 days 16:20:00,6.56,0.5291
26 days 16:30:00,13.5743,0.8751
26 days 16:40:00,6.5074,0.2619
26 days 16:50:00,8.3133,0.8912
26 days 17:00:00,12.1078,0.796
26 days 17:10:00,6.2169,0.3062
26 days 17:20:00,16.8638,1.3046
26 days 17:30:00,26.7044,2.377
26 days 17:40:00,9.2462,0.7144
26 days 17:50:00,8.2025,0.0896
26 days 18:00:00,9.419,0.975
26 days 18:10:00,10.5411,0.4297
26 days 18:20:00,21.1126,1.4053
26 days 18:30:00,14.3364,0.8266
26 days 18:40:00,7.5134,0.2661
26 days 18:50:00,7.8521,0.4643
26 days 19:00:00,15.6414,1.0764
26 days 19:10:00,10.5226,0.5552
26 days 19:20:00,4.825,0.2991
26 days 19:30:00,8.9692,0.4595
26 days 19:40:00,4.6258,0.4469
26 days 19:50:00,4.7976,0.5006
26 days 20:00:00,5.5599,0.6663
26 days 20:10:00,3.8493,0.3451
26 days 20:20:00,11.0251,0.6694
26 days 20:30:00,13.5129,0.8201
26 days 20:40:00,7.9329,0.5969
26 days 20:50:00,12.7187,0.3217
26 days 21:00:00,8.7574,0.2963
26 days 21:10:00,16.4743,1.2163
26 days 21:20:00,10.0949,0.782
26 days 21:30:00,12.9376,0.795
26 days 21:40:00,4.8333,0.391
26 days 21:50:00,14.9495,0.426
26 days 22:00:00,9.4576,0.619
26 days 22:10:00,3.4336,0.1983
26 days 22:20:00,11.9604,0.6825
26 days 22:30:00,9.1984,0.5899
26 days 22:40:00,8.9332,0.6913
26 days 22:50:00,10.1,0.5841
26 days 23:00:00,6.8826,0.6116
26 days 23:10:00,3.7364,0.6815
26 days 23:20:00,7.3713,0.4115
26 days 23:30:00,7.5742,0.5721
26 days 23:40:00,8.7069,0.5378
26 days 23:50:00,6.9259,0.4119
27 days 00:00:00,9.2264,0.4279
27 days 00:10:00,19.0935,0.8854
27 days 00:20:00,5.1655,0.4179
27 days 00:30:00,17.4358,0.8461
27 days 00:40:00,11.9101,0.4064
27 days 00:50:00,10.9003,0.3786
27 days 01:00:00,23.9908,1.3478
27 days 01:10:00,9.042,0.6606
27 days 01:20:00,4.7733,0.465
27 days 01:30:00,15.6736,0.804
27 days 01:40:00,13.0411,0.9221
27 days 01:50:00,14.876,0.6571
27 days 02:00:00,10.7492,0.5589
27 days 02:10:00,9.7535,1.0045
27 days 02:20:00,13.546,0.4861
27 days 02:30:00,10.9961,0.3508
27 days 02:40:00,5.7162,0.3274
27 days 02:50:00,5.5619,0.4592
27 days 03:00:00,9.1179,0.2338
27 days 03:10:00,17.5491,1.1999
27 days 03:20:00,9.8167,0.3668
27 days 03:30:00,8.2041,0.658
27 days 03:40:00,15.3906,0.8806
27 days 03:50:00,15.3411,0.7246
27 days 04:00:00,14.5217,0.7787
27 days 04:10:00,5.8969,0.4863
27 days 04:20:00,11.041,0.7105
27 days 04:30:00,10.2376,0.5635
27 days 04:40:00,16.1365,0.991
27 days 04:50:00,12.075,0.843
27 days 05:00:00,11.4428,0.8404
27 days 05:10:00,6.6011,0.3083
27 days 05:20:00,6.405,0.2311
27 days 05:30:00,14.4175,0.8537
27 days 05:40:00,9.1433,0.7286
27 days 05:50:00,6.7,0.4697
27 days 06:00:00,12.4057,1.1245
27 days 06:10:00,14.0635,1.0869
27 days 06:20:00,16.1274,1.1361
27 days 06:30:00,13.0572,0.9447
27 days 06:40:00,6.5633,0.4606
27 days 06:50:00,19.383,1.213
27 days 07:00:00,12.2395,1.2972
27 days 07:10:00,3.6828,0.4182
27 days 07:20:00,11.274,0.7009
27 days 07:30:00,18.3115,0.7871
27 days 07:40:00,15.0697,0.6935
27 days 07:50:00,15.5825,1.3708
27 days 08:00:00,13.1929,0.4684
27 days 08:10:00,14.728,0.9061
27 days 08:20:00,14.4145,0.4964
27 days 08:30:00,3.7782,0.0867
27 days 08:40:00,19.8701,1.596
27 days 08:50:00,21.5812,2.0186
27 days 09:00:00,12.3084,0.4767
27 days 09:10:00,4.0,0.2655
27 days 09:20:00,17.2033,0.5095
27 days 09:30:00,10.9524,0.2794
27 days 09:40:00,13.7667,0.7813
27 days 09:50:00,10.0552,0.7427
27 days 10:00:00,17.656,1.0898
27 days 10:10:00,3.184,0.2056
27 days 10:20:00,9.9283,0.8157
27 days 10:30:00,8.8681,0.5196
27 days 10:40:00,11.0091,0.5822
27 days 10:50:00,8.0598,0.6132
27 days 11:00:00,9.8483,0.4549
27 days 11:10:00,5.5188,0.4695
27 days 11:20:00,6.3567,0.4433
27 days 11:30:00,11.1618,0.4621
27 days 11:40:00,11.3902,1.0253
27 days 11:50:00,13.5809,0.622
27 days 12:00:00,3.9889,0.1771
27 days 12:10:00,8.6777,0.581
27 days 12:20:00,8.1181,0.5142
27 days 12:30:00,14.0745,1.0621
27 days 12:40:00,17.4531,1.0751
27 days 12:50:00,7.049,0.6113
27 days 13:00:00,16.3371,1.0078
27 days 13:10:00,10.7202,0.2585
27 days 13:20:00,14.758,0.9751
27 days 13:30:00,10.8511,0.6145
27 days 13:40:00,7.758,0.6809
27 days 13:50:00,11.7328,0.722
27 days 14:00:00,15.1481,1.6801
27 days 14:10:00,13.7259,0.7808
27 days 14:20:00,8.1145,0.4641
27 days 14:30:00,17.3562,1.3723
27 days 14:40:00,8.9692,0.4595
27 days 14:50:00,14.5754,1.1085
27 days 15:00:00,6.3541,0.3649
27 days 15:10:00,4.8441,0.4966
27 days 15:20:00,17.5257,1.2547
27 days 15:30:00,11.3522,0.6401
27 days 15:40:00,14.6445,0.7519
27 days 15:50:00,21.0659,1.0942
27 days 16:00:00,8.5261,0.5005
27 days 16:10:00,11.2732,0.8873
27 days 16:20:00,16.9083,1.1617
27 days 16:30:00,4.2038,0.406
27 days 16:40:00,9.7583,0.4446
27 days 16:50:00,12.1449,0.7655
27 days 17:00:00,11.3056,0.6482
27 days 17:10:00,9.5418,0.4605
27 days 17:20:00,10.7352,0.8651
27 days 17:30:00,18.356,1.5069
27 days 17:40:00,11.7286,0.1254
27 days 17:50:00,12.2238,0.6838
27 days 18:00:00,22.9143,1.8777
27 days 18:10:00,7.503,0.4401
27 days 18:20:00,13.9565,0.5556
27 days 18:30:00,9.6112,0.3339
27 days 18:40:00,12.6996,0.4465
27 days 18:50:00,6.6641,0.2442
27 days 19:00:00,18.3376,1.2381
27 days 19:10:00,9.9917,0.8202
27 days 19:20:00,13.7645,1.2626
27 days 19:30:00,15.6996,1.3827
27 days 19:40:00,14.4147,0.8127
27 days 19:50:00,13.2203,1.0877
27 days 20:00:00,9.487,0.5977
27 days 20:10:00,13.7261,1.2535
27 days 20:20:00,14.9073,1.5032
27 days 20:30:00,12.4755,0.8002
27 days 20:40:00,8.1337,0.4206
27 days 20:50:00,8.7405,0.7425
27 days 21:00:00,12.1744,0.8662
27 days 21:10:00,7.2739,0.3479
27 days 21:20:00,8.7807,0.555
27 days 21:30:00,11.2309,0.8119
27 days 21:40:00,8.3051,0.4668
27 days 21:50:00,13.7292,1.2122
27 days 22:00:00,7.0962,0.3918
27 days 22:10:00,16.7349,1.1276
27 days 22:20:00,5.6563,0.1969
27 days 22:30:00,8.6661,0.5028
27 days 22:40:00,6.2711,0.4904
27 days 22:50:00,10.6654,0.6438
27 days 23:00:00,17.6345,0.7296
27 days 23:10:00,4.7717,0.2158
27 days 23:20:00,9.3274,0.1659
27 days 23:30:00,16.6133,1.5913
27 days 23:40:00,9.3506,0.8738
27 days 23:50:00,11.8799,0.4138
28 days 00:00:00,4.7148,0.5595
28 days 00:10:00,10.5099,0.6394
28 days 00:20:00,19.8951,1.6159
28 days 00:30:00,19.8431,1.0748
28 days 00:40:00,14.6335,1.1483
28 days 00:50:00,12.0078,0.4957
28 days 01:00:00,13.4242,1.0432
28 days 01:10:00,6.0675,0.284
28 days 01:20:00,9.9732,0.3965
28 days 01:30:00,6.6657,0.8481
28 days 01:40:00,4.4964,0.456
28 days 01:50:00,4.0241,0.3531
28 days 02:00:00,11.8551,0.995
28 days 02:10:00,5.4233,0.2499
28 days 02:20:00,11.4416,0.7774
28 days 02:30:00,12.7844,0.5652
28 days 02:40:00,22.5749,2.1779
28 days 02:50:00,8.5309,0.5148
28 days 03:00:00,16.1672,1.1091
28 days 03:10:00,4.4582,0.4931
28 days 03:20:00,14.1183,1.3337
28 days 03:30:00,18.8243,1.2851
28 days 03:40:00,12.8888,0.8455
28 days 03:50:00,10.227,0.7038
28 days 04:00:00,3.8262,0.3183
28 days 04:10:00,11.5305,1.2274
28 days 04:20:00,4.4201,0.2333
28 days 04:30:00,11.4846,0.7182
28 days 04:40:00,10.3967,0.7167
28 days 04:50:00,14.8953,1.0789
28 days 05:00:00,9.7129,0.9406
28 days 05:10:00,9.9442,0.2377
28 days 05:20:00,13.9931,0.7575
28 days 05:30:00,15.9543,0.724
28 days 05:40:00,4.6145,0.2491
28 days 05:50:00,5.3916,0.4311
28 days 06:00:00,4.4556,0.4172
28 days 06:10:00,4.2195,0.4065
28 days 06:20:00,6.5485,0.4808
28 days 06:30:00,9.0106,0.2967
28 days 06:40:00,13.4687,0.912
28 days 06:50:00,5.0598,0.3958
28 days 07:00:00,9.697,0.2287
28 days 07:10:00,18.5321,2.1307
28 days 07:20:00,8.1648,0.6265
28 days 07:30:00,12.455,0.1585
28 days 07:40:00,14.5901,0.7975
28 days 07:50:00,10.1311,1.1674
28 days 08:00:00,18.8061,1.3633
28 days 08:10:00,17.6253,1.4923
28 days 08:20:00,10.9985,1.0042
28 days 08:30:00,8.7719,0.5033
28 days 08:40:00,15.2767,1.233
28 days 08:50:00,9.1822,0.9887
28 days 09:00:00,19.9639,1.029
28 days 09:10:00,10.1012,0.7122
28 days 09:20:00,15.1113,0.9233
28 days 09:30:00,13.1032,0.9593
28 days 09:40:00,5.5577,0.3739
28 days 09:50:00,13.1388,0.7199
28 days 10:00:00,12.2559,0.761
28 days 10:10:00,7.362,0.5211
28 days 10:20:00,4.3359,0.1973
28 days 10:30:00,8.5574,0.8955
28 days 10:40:00,9.2833,0.9502
28 days 10:50:00,4.7691,0.4638
28 days 11:00:00,7.5845,0.7842
28 days 11:10:00,9.6825,0.6804
28 days 11:20:00,16.7623,1.3301
28 days 11:30:00,11.4129,0.5104
28 days 11:40:00,8.6031,0.6761
28 days 11:50:00,16.754,0.7682
28 days 12:00:00,4.4871,0.3988
28 days 12:10:00,14.7977,1.0816
28 days 12:20:00,14.4004,1.0348
28 days 12:30:00,5.5547,0.6327
28 days 12:40:00,9.3272,0.3268
28 days 12:50:00,14.9307,0.733
28 days 13:00:00,8.7992,0.3105
28 days 13:10:00,11.8035,0.8807
28 days 13:20:00,11.3545,0.5907
28 days 13:30:00,16.2823,1.15
28 days 13:40:00,7.9126,0.3326
28 days 13:50:00,11.5998,0.8936
28 days 14:00:00,8.7851,0.5603
28 days 14:10:00,11.0688,0.2915
28 days 14:20:00,9.8841,0.2398
28 days 14:30:00,13.1963,0.4087
28 days 14:40:00,16.2269,0.3545
28 days 14:50:00,3.511,0.6777
28 days 15:00:00,8.776,0.437
28 days 15:10:00,5.5822,0.4354
28 days 15:20:00,8.2685,0.7105
28 days 15:30:00,8.8192,0.2712
28 days 15:40:00,8.8008,0.1369
28 days 15:50:00,5.5447,0.2707
28 days 16:00:00,7.614,0.5756
28 days 16:10:00,8.2897,0.6367
28 days 16:20:00,17.113,0.8681
28 days 16:30:00,7.4391,0.7344
28 days 16:40:00,13.7109,0.6472
28 days 16:50:00,18.4459,2.1333
28 days 17:00:00,7.5832,0.4106
28 days 17:10:00,14.3127,0.8585
28 days 17:20:00,15.642,0.8664
28 days 17:30:00,10.4897,0.7576
28 days 17:40:00,2.8755,0.1513
28 days 17:50:00,11.855,0.4501
28 days 18:00:00,14.7866,0.4464
28 days 18:10:00,8.7706,0.5566
28 days 18:20:00,11.0341,1.2104
28 days 18:30:00,6.2551,0.667
28 days 18:40:00,10.2766,0.7285
28 days 18:50:00,8.7152,0.6512
28 days 19:00:00,18.2677,0.6968
28 days 19:10:00,7.4751,0.8206
28 days 19:20:00,3.3253,0.1891
28 days 19:30:00,5.7135,0.6544
28 days 19:40:00,15.797,0.99
28 days 19:50:00,11.8887,1.0121
28 days 20:00:00,6.7662,0.1415
28 days 20:10:00,4.7516,0.3253
28 days 20:20:00,9.7618,0.9043
28 days 20:30:00,10.3971,0.839
28 days 20:40:00,21.9309,2.5451
28 days 20:50:00,18.7663,1.3268
28 days 21:00:00,17.1989,1.2732
28 days 21:10:00,12.372,0.3538
28 days 21:20:00,12.1327,0.561
28 days 21:30:00,11.0005,0.6667
28 days 21:40:00,9.5865,0.45
28 days 21:50:00,13.7094,0.7047
28 days 22:00:00,8.7979,0.4304
28 days 22:10:00,5.1537,0.4609
28 days 22:20:00,10.4618,0.4924
28 days 22:30:00,4.7543,0.4083
28 days 22:40:00,18.6291,0.7107
28 days 22:50:00,14.0026,0.6824
28 days 23:00:00,7.1638,0.3711
28 days 23:10:00,5.7506,0.4766
28 days 23:20:00,3.2402,0.1565
28 days 23:30:00,12.0268,1.883
28 days 23:40:00,7.4491,3.7655
28 days 23:50:00,16.716,0.7952
29 days 00:00:00,8.5974,0.4809
29 days 00:10:00,8.0022,0.3665
29 days 00:20:00,6.0946,0.5561
29 days 00:30:00,5.5006,0.2757
29 days 00:40:00,16.4269,0.8164
29 days 00:50:00,16.2823,1.094
29 days 01:00:00,2.8489,0.1181
29 days 01:10:00,4.393,0.4244
29 days 01:20:00,7.9856,0.5527
29 days 01:30:00,12.5625,1.0135
29 days 01:40:00,5.6767,0.2897
29 days 01:50:00,17.9795,1.5912
29 days 02:00:00,9.7506,0.5034
29 days 02:10:00,12.2791,0.5759
29 days 02:20:00,10.7485,0.7583
29 days 02:30:00,5.2831,0.5221
29 days 02:40:00,11.1025,1.1986
29 days 02:50:00,17.2977,0.8013
29 days 03:00:00,8.031,0.4703
29 days 03:10:00,21.4725,2.1924
29 days 03:20:00,10.4813,0.5333
29 days 03:30:00,15.9027,1.0602
29 days 03:40:00,14.2534,0.9956
29 days 03:50:00,11.8434,0.3629
29 days 04:00:00,12.1899,0.6891
29 days 04:10:00,15.0261,1.2547
29 days 04:20:00,22.4363,1.8516
29 days 04:30:00,12.8816,0.2644
29 days 04:40:00,13.3186,1.1298
29 days 04:50:00,7.4318,0.6383
29 days 05:00:00,11.225,0.4924
29 days 05:10:00,14.5811,0.8029
29 days 05:20:00,20.7498,1.3869
29 days 05:30:00,15.8212,0.8069
29 days 05:40:00,12.5177,0.7834
29 days 05:50:00,11.513,0.4945
29 days 06:00:00,12.0035,0.3824
29 days 06:10:00,16.8235,1.4171
29 days 06:20:00,16.2419,2.3467
29 days 06:30:00,9.3307,0.2284
29 days 06:40:00,9.9155,0.4531
29 days 06:50:00,13.2416,0.5489
29 days 07:00:00,10.89,0.4574
29 days 07:10:00,13.6683,1.0262
29 days 07:20:00,13.5836,0.9227
29 days 07:30:00,9.7389,0.2948
29 days 07:40:00,10.7143,0.4592
29 days 07:50:00,6.3184,0.2335
29 days 08:00:00,6.9009,0.3412
29 days 08:10:00,10.5714,0.6855
29 days 08:20:00,12.5576,0.987
29 days 08:30:00,8.7756,0.3174
29 days 08:40:00,9.5655,0.3018
29 days 08:50:00,10.3557,0.7528
29 days 09:00:00,10.557,0.6554
29 days 09:10:00,8.4894,0.236
29 days 09:20:00,11.223,0.1971
29 days 09:30:00,9.1184,0.6303
29 days 09:40:00,11.1485,1.2482
29 days 09:50:00,7.2508,0.3175
29 days 10:00:00,8.9595,0.4906
29 days 10:10:00,7.5708,0.6132
29 days 10:20:00,6.6558,0.5624
29 days 10:30:00,8.9548,0.1591
29 days 10:40:00,12.6838,0.6232
29 days 10:50:00,12.3744,1.0585
29 days 11:00:00,22.3935,1.4065
29 days 11:10:00,16.9738,0.7379
29 days 11:20:00,10.1677,0.3216
29 days 11:30:00,10.0794,0.7067
29 days 11:40:00,12.5629,1.1098
29 days 11:50:00,6.5127,0.316
29 days 12:00:00,8.8145,0.9949
29 days 12:10:00,9.0106,0.6642
29 days 12:20:00,17.5145,1.2514
29 days 12:30:00,13.3537,0.8636
29 days 12:40:00,10.7672,0.5097
29 days 12:50:00,7.6821,0.376
29 days 13:00:00,13.9395,0.6371
29 days 13:10:00,18.5967,1.0363
29 days 13:20:00,10.0619,0.3952
29 days 13:30:00,13.5726,0.9609
29 days 13:40:00,6.7292,0.0947
29 days 13:50:00,3.5047,0.2347
29 days 14:00:00,16.1823,0.9815
29 days 14:10:00,5.3219,0.4648
29 days 14:20:00,8.7539,0.5489
29 days 14:30:00,12.8182,1.0505
29 days 14:40:00,15.7495,0.6959
29 days 14:50:00,10.9609,1.4267
29 days 15:00:00,18.3985,0.9574
29 days 15:10:00,14.5591,0.6891
29 days 15:20:00,11.9695,0.5936
29 days 15:30:00,12.8692,0.8006
29 days 15:40:00,9.6092,0.6082
29 days 15:50:00,8.5333,0.8285
29 days 16:00:00,14.1801,0.9528
29 days 16:10:00,9.3217,0.2403
29 days 16:20:00,19.1556,0.9129
29 days 16:30:00,10.3623,0.7042
29 days 16:40:00,6.1115,0.2711
29 days 16:50:00,15.1993,1.4419
29 days 17:00:00,14.5372,0.7257
29 days 17:10:00,5.4676,0.1102
29 days 17:20:00,16.358,1.451
29 days 17:30:00,4.6004,0.5494
29 days 17:40:00,5.7419,0.3158
29 days 17:50:00,5.5032,0.2139
29 days 18:00:00,13.4332,0.3928
29 days 18:10:00,6.3877,0.3602
29 days 18:20:00,9.2195,0.4975
29 days 18:30:00,7.2281,0.4864
29 days 18:40:00,12.6941,0.8564
29 days 18:50:00,13.5486,0.6607
29 days 19:00:00,4.0514,0.5143
29 days 19:10:00,10.4858,0.4797
29 days 19:20:00,12.9757,1.3293
29 days 19:30:00,6.6057,0.4962
29 days 19:40:00,11.063,0.4166
29 days 19:50:00,16.0241,0.9129
29 days 20:00:00,9.9007,0.5819
29 days 20:10:00,11.5997,0.7367
29 days 20:20:00,9.625,0.617
29 days 20:30:00,14.3054,0.8545
29 days 20:40:00,14.2645,0.6959
29 days 20:50:00,7.7738,0.6033
29 days 21:00:00,8.2742,0.274
29 days 21:10:00,19.4035,1.0457
29 days 21:20:00,13.4515,0.7738
29 days 21:30:00,11.4004,0.7974
29 days 21:40:00,17.9703,1.1215
29 days 21:50:00,11.9535,0.6011
29 days 22:00:00,11.1302,1.3691
29 days 22:10:00,9.7522,0.1593
29 days 22:20:00,11.3433,0.2906
29 days 22:30:00,4.0039,0.4522
29 days 22:40:00,13.4927,0.9203
29 days 22:50:00,9.3064,0.912
29 days 23:00:00,9.3997,0.72
29 days 23:10:00,6.2081,0.3877
29 days 23:20:00,7.8227,0.5242
29 days 23:30:00,11.4003,1.3305
29 days 23:40:00,8.7907,0.645
29 days 23:50:00,11.1926,1.1138
30 days 00:00:00,9.2172,0.5532
30 days 00:10:00,5.2472,0.5238
30 days 00:20:00,7.2023,0.6842
30 days 00:30:00,7.9453,0.4258
30 days 00:40:00,13.5074,1.1442
30 days 00:50:00,9.4864,0.881
30 days 01:00:00,14.5619,1.2384
30 days 01:10:00,18.0585,0.8819
30 days 01:20:00,4.7792,0.3522
30 days 01:30:00,5.6189,0.2388
30 days 01:40:00,13.2348,0.6913
30 days 01:50:00,11.7838,1.1207
30 days 02:00:00,6.7025,0.8958
30 days 02:10:00,10.8443,0.7351
30 days 02:20:00,13.6134,0.9389
30 days 02:30:00,12.6182,0.4484
30 days 02:40:00,10.7375,0.7266
30 days 02:50:00,18.9161,1.1018
30 days 03:00:00,17.9818,0.8877
30 days 03:10:00,13.3876,1.1338
30 days 03:20:00,11.3186,0.7001
30 days 03:30:00,18.5036,1.4794
30 days 03:40:00,18.2134,1.2127
30 days 03:50:00,15.6214,1.3322
30 days 04:00:00,2.8138,0.2154
30 days 04:10:00,10.0638,0.7462
30 days 04:20:00,5.539,0.612
30 days 04:30:00,6.4694,0.7261
30 days 04:40:00,4.8519,0.3563
30 days 04:50:00,8.7898,0.2679
30 days 05:00:00,15.8558,0.5313
30 days 05:10:00,4.4191,0.5261
30 days 05:20:00,4.4702,0.6155
30 days 05:30:00,14.0571,0.9397
30 days 05:40:00,10.0683,0.4599
30 days 05:50:00,16.5414,0.476
30 days 06:00:00,5.4035,0.3827
30 days 06:10:00,12.4588,0.9034
30 days 06:20:00,10.513,0.4366
30 days 06:30:00,18.3363,1.5139
30 days 06:40:00,15.9326,1.2824
30 days 06:50:00,8.3754,0.7093
30 days 07:00:00,20.0107,1.2386
30 days 07:10:00,13.4759,0.6534
30 days 07:20:00,15.7043,1.0697
30 days 07:30:00,13.5796,0.7962
30 days 07:40:00,3.8458,0.4586
30 days 07:50:00,14.0061,0.6936
30 days 08:00:00,12.6937,0.7472
30 days 08:10:00,9.6199,0.7863
30 days 08:20:00,6.8938,0.803
30 days 08:30:00,6.5516,0.3057
30 days 08:40:00,10.1387,0.7284
30 days 08:50:00,14.2307,0.7801
30 days 09:00:00,11.5466,0.8041
30 days 09:10:00,10.6846,0.6574
30 days 09:20:00,12.1108,1.6533
30 days 09:30:00,7.787,0.7353
30 days 09:40:00,4.1231,0.4967
30 days 09:50:00,8.5698,0.3299
30 days 10:00:00,11.5836,0.6026
30 days 10:10:00,8.9502,0.6556
30 days 10:20:00,18.8536,1.5119
30 days 10:30:00,4.2518,0.3004
30 days 10:40:00,9.0573,0.7528
30 days 10:50:00,19.8973,0.9424
30 days 11:00:00,7.6856,0.3811
30 days 11:10:00,14.6573,1.2129
30 days 11:20:00,15.9057,0.9316
30 days 11:30:00,19.6119,1.6429
30 days 11:40:00,7.3064,0.8873
30 days 11:50:00,5.9504,0.393
30 days 12:00:00,11.9144,0.5655
30 days 12:10:00,5.8877,0.434
30 days 12:20:00,12.703,0.1956
30 days 12:30:00,13.2479,0.3929
30 days 12:40:00,7.9258,0.4185
30 days 12:50:00,8.7494,0.7529
30 days 13:00:00,9.1912,0.5435
30 days 13:10:00,9.786,0.7317
30 days 13:20:00,4.3798,0.3235
30 days 13:30:00,19.6245,1.8368
30 days 13:40:00,10.2498,0.5317
30 days 13:50:00,13.5198,0.8175
30 days 14:00:00,7.4651,0.7133
30 days 14:10:00,8.6221,0.5368
30 days 14:20:00,12.1702,0.5976
30 days 14:30:00,10.2633,0.5922
30 days 14:40:00,9.6536,0.6179
30 days 14:50:00,9.376,0.2727
30 days 15:00:00,6.1961,0.4912
30 days 15:10:00,11.4624,0.6538
30 days 15:20:00,8.2822,0.2039
30 days 15:30:00,9.2134,0.2454
30 days 15:40:00,9.7249,1.3516
30 days 15:50:00,10.5926,0.928
30 days 16:00:00,7.9765,0.5703
30 days 16:10:00,10.6083,0.6531
30 days 16:20:00,12.0875,0.3883
30 days 16:30:00,16.2267,1.125
30 days 16:40:00,11.4427,0.5047
30 days 16:50:00,10.0344,0.3599
30 days 17:00:00,13.3949,1.0506
30 days 17:10:00,6.7643,0.9562
30 days 17:20:00,9.1891,0.2954
30 days 17:30:00,9.012,0.5706
30 days 17:40:00,11.8876,0.8055
30 days 17:50:00,15.1996,1.2981
30 days 18:00:00,12.022,0.551
30 days 18:10:00,3.3371,0.1294
30 days 18:20:00,6.7075,0.4204
30 days 18:30:00,8.8949,0.4037
30 days 18:40:00,14.3037,1.4676
30 days 18:50:00,12.7214,0.8068
30 days 19:00:00,11.2682,0.799
30 days 19:10:00,9.3999,0.4455
30 days 19:20:00,3.6073,0.1749
30 days 19:30:00,9.6436,0.6429
30 days 19:40:00,14.3192,0.6626
30 days 19:50:00,8.8452,0.3987
30 days 20:00:00,14.979,0.7629
30 days 20:10:00,9.1922,0.7078
30 days 20:20:00,10.018,0.5289
30 days 20:30:00,9.0385,0.6608
30 days 20:40:00,8.2211,0.1423
30 days 20:50:00,15.3757,0.7697
30 days 21:00:00,8.0202,0.8459
30 days 21:10:00,10.4596,0.7063
30 days 21:20:00,5.6316,0.2814
30 days 21:30:00,14.1884,1.4681
30 days 21:40:00,10.6615,0.4502
30 days 21:50:00,5.5247,0.4115
30 days 22:00:00,6.7357,0.5249
30 days 22:10:00,16.1121,0.4668
30 days 22:20:00,15.27,0.4322
30 days 22:30:00,17.9822,1.0687
30 days 22:40:00,20.344,1.9887
30 days 22:50:00,15.7906,0.8879
30 days 23:00:00,13.116,1.0423
30 days 23:10:00,15.2745,0.8426
30 days 23:20:00,19.3495,1.5944
30 days 23:30:00,8.161,0.328
30 days 23:40:00,15.4319,0.8015
30 days 23:50:00,6.444,0.4365
31 days 00:00:00,5.6956,0.6216
31 days 00:10:00,4.1938,0.2177
31 days 00:20:00,9.6994,0.727
31 days 00:30:00,5.342,0.5558
31 days 00:40:00,6.0582,0.5939
31 days 00:50:00,6.4712,0.3744
31 days 01:00:00,6.0208,0.2139
31 days 01:10:00,6.0415,0.301
31 days 01:20:00,9.9372,0.4756
31 days 01:30:00,5.4231,0.0634
31 days 01:40:00,16.3338,1.4552
31 days 01:50:00,6.9919,0.5058
31 days 02:00:00,3.2075,0.1923
31 days 02:10:00,19.5253,0.8865
31 days 02:20:00,9.5553,0.8833
31 days 02:30:00,11.8307,0.6748
31 days 02:40:00,21.9112,1.5289
31 days 02:50:00,10.7961,1.0758
31 days 03:00:00,15.454,0.891
31 days 03:10:00,8.4127,0.3757
31 days 03:20:00,6.7503,0.4605
31 days 03:30:00,8.7897,0.9477
31 days 03:40:00,4.5181,0.3948
31 days 03:50:00,5.1889,0.6848
31 days 04:00:00,9.6203,1.0935
31 days 04:10:00,13.7792,0.5397
31 days 04:20:00,11.9297,0.7409
31 days 04:30:00,15.977,1.0882
31 days 04:40:00,14.3471,0.9744
31 days 04:50:00,7.0706,0.628
31 days 05:00:00,5.587,0.3419
31 days 05:10:00,5.4543,0.351
31 days 05:20:00,7.394,0.3417
31 days 05:30:00,9.863,0.6124
31 days 05:40:00,23.0896,1.9576
31 days 05:50:00,13.5956,0.3808
31 days 06:00:00,25.4647,2.3723
31 days 06:10:00,7.0835,0.3579
31 days 06:20:00,14.8451,1.0046
31 days 06:30:00,12.2627,0.6741
31 days 06:40:00,12.9874,0.4294
31 days 06:50:00,4.6762,0.5364
31 days 07:00:00,12.3876,1.0743
31 days 07:10:00,14.2444,0.8204
31 days 07:20:00,4.0822,0.4556
31 days 07:30:00,13.2558,0.8755
31 days 07:40:00,13.4169,0.7709
31 days 07:50:00,12.5011,0.4938
31 days 08:00:00,10.427,0.5845
31 days 08:10:00,3.4643,0.1137
31 days 08:20:00,7.6185,0.29
31 days 08:30:00,7.745,0.7525
31 days 08:40:00,13.5658,0.6433
31 days 08:50:00,11.0947,0.5126
31 days 09:00:00,12.7796,0.4148
31 days 09:10:00,8.0506,0.5895
31 days 09:20:00,7.3141,0.683
31 days 09:30:00,7.8569,0.4086
31 days 09:40:00,16.6039,1.1522
31 days 09:50:00,14.0262,0.7524
31 days 10:00:00,8.6544,0.4471
31 days 10:10:00,13.3544,0.8491
31 days 10:20:00,7.8688,0.5114
31 days 10:30:00,15.6333,0.704
31 days 10:40:00,14.7215,1.0328
31 days 10:50:00,13.7522,0.9387
31 days 11:00:00,17.6994,0.8464
31 days 11:10:00,11.2568,0.3548
31 days 11:20:00,15.6287,0.6625
31 days 11:30:00,15.5475,1.2592
31 days 11:40:00,16.3014,0.6566
31 days 11:50:00,9.6299,0.3042
31 days 12:00:00,10.8962,0.6815
31 days 12:10:00,15.5792,0.4197
31 days 12:20:00,13.4792,0.8217
31 days 12:30:00,7.5738,0.6894
31 days 12:40:00,7.6946,0.1468
31 days 12:50:00,8.6852,0.3853
31 days 13:00:00,12.9487,0.6121
31 days 13:10:00,15.2671,0.5462
31 days 13:20:00,8.2119,0.9498
31 days 13:30:00,8.9992,0.7015
31 days 13:40:00,18.1814,1.2496
31 days 13:50:00,5.3871,0.7168
31 days 14:00:00,7.3898,0.8477
31 days 14:10:00,10.5944,0.8355
31 days 14:20:00,10.3621,0.4403
31 days 14:30:00,12.2973,0.6494
31 days 14:40:00,10.9055,0.5681
31 days 14:50:00,7.2438,0.497
31 days 15:00:00,15.0104,1.4587
31 days 15:10:00,10.3355,0.7275
31 days 15:20:00,15.4562,1.1946
31 days 15:30:00,4.8988,0.5208
31 days 15:40:00,11.0765,0.827
31 days 15:50:00,9.1373,0.4732
31 days 16:00:00,9.1161,0.7283
31 days 16:10:00,13.7893,0.6453
31 days 16:20:00,3.3495,0.1619
31 days 16:30:00,12.3996,0.7746
31 days 16:40:00,3.9283,0.3331
31 days 16:50:00,7.5528,0.2493
31 days 17:00:00,11.9609,0.3009
31 days 17:10:00,13.3476,0.5418
31 days 17:20:00,8.1749,0.3554
31 days 17:30:00,18.6806,1.1557
31 days 17:40:00,18.334,1.3605
31 days 17:50:00,14.4504,0.6389
31 days 18:00:00,15.7032,1.3428
31 days 18:10:00,10.3826,0.3017
31 days 18:20:00,15.2112,0.7373
31 days 18:30:00,14.727,1.1235
31 days 18:40:00,7.9039,0.6712
31 days 18:50:00,17.4935,1.0664
31 days 19:00:00,9.352,0.3974
31 days 19:10:00,4.9338,0.3889
31 days 19:20:00,11.1303,0.8268
31 days 19:30:00,12.0888,0.9297
31 days 19:40:00,11.1482,0.6552
31 days 19:50:00,6.7337,0.1781
31 days 20:00:00,12.6478,0.702
31 days 20:10:00,5.5144,0.3009
31 days 20:20:00,18.8882,0.9701
31 days 20:30:00,11.0731,0.6882
31 days 20:40:00,14.3277,0.681
31 days 20:50:00,8.2264,0.5277
31 days 21:00:00,12.5278,0.7803
31 days 21:10:00,7.2622,0.3616
31 days 21:20:00,11.1232,0.482
31 days 21:30:00,9.984,0.1655
31 days 21:40:00,15.4122,1.0361
31 days 21:50:00,5.6602,0.2672
31 days 22:00:00,10.3102,0.3436
31 days 22:10:00,3.756,0.2977
31 days 22:20:00,6.902,0.4946
31 days 22:30:00,11.9632,0.4319
31 days 22:40:00,12.371,0.6533
31 days 22:50:00,6.1445,0.7777
31 days 23:00:00,7.9681,0.3162
31 days 23:10:00,13.9931,0.7575
31 days 23:20:00,12.1878,1.0081
31 days 23:30:00,7.6743,0.6799
31 days 23:40:00,7.2964,0.1024
31 days 23:50:00,12.4629,0.846
32 days 00:00:00,10.8674,0.6292
32 days 00:10:00,12.2983,0.5977
32 days 00:20:00,16.0573,1.1362
32 days 00:30:00,5.2586,0.3865
32 days 00:40:00,4.2712,0.2891
32 days 00:50:00,8.7947,0.6378
32 days 01:00:00,6.7711,0.5177
32 days 01:10:00,6.0017,0.2271
32 days 01:20:00,14.5708,1.2983
32 days 01:30:00,7.3492,0.1425
32 days 01:40:00,8.6997,0.3409
32 days 01:50:00,11.9243,0.7912
32 days 02:00:00,5.6187,0.3649
32 days 02:10:00,15.8722,0.7633
32 days 02:20:00,13.7573,1.7618
32 days 02:30:00,14.1784,0.9665
32 days 02:40:00,6.7565,0.6917
32 days 02:50:00,14.985,0.9937
32 days 03:00:00,19.2324,1.1336
32 days 03:10:00,5.5035,1.1907
32 days 03:20:00,12.2344,0.9442
32 days 03:30:00,7.8057,0.1557
32 days 03:40:00,4.8427,0.5362
32 days 03:50:00,8.6559,0.5994
32 days 04:00:00,8.4753,0.4305
32 days 04:10:00,4.8419,0.5765
32 days 04:20:00,11.5306,0.5006
32 days 04:30:00,14.3217,0.921
32 days 04:40:00,22.3935,1.4065
32 days 04:50:00,4.8464,0.5613
32 days 05:00:00,12.135,0.196
32 days 05:10:00,18.0838,1.0322
32 days 05:20:00,5.3414,0.5907
32 days 05:30:00,18.6225,0.8068
32 days 05:40:00,16.0947,1.1384
32 days 05:50:00,18.5139,1.2719
32 days 06:00:00,6.3096,0.1737
32 days 06:10:00,15.803,1.1142
32 days 06:20:00,6.3592,0.2957
32 days 06:30:00,11.8679,0.8032
32 days 06:40:00,15.812,0.9084
32 days 06:50:00,5.7285,0.2932
32 days 07:00:00,12.8203,0.6556
32 days 07:10:00,16.8266,1.0131
32 days 07:20:00,25.4468,1.703
32 days 07:30:00,9.4195,0.2777
32 days 07:40:00,12.2523,0.5773
32 days 07:50:00,12.9557,0.9604
32 days 08:00:00,7.5724,0.2677
32 days 08:10:00,7.7885,0.4891
32 days 08:20:00,14.9239,1.1796
32 days 08:30:00,14.0489,0.6812
32 days 08:40:00,12.1169,0.5441
32 days 08:50:00,8.9612,0.4981
32 days 09:00:00,10.4106,0.5323
32 days 09:10:00,9.7967,0.6082
32 days 09:20:00,29.7263,2.4793
32 days 09:30:00,10.1625,0.6828
32 days 09:40:00,10.2062,0.5929
32 days 09:50:00,13.4102,0.5995
32 days 10:00:00,8.5798,0.2027
32 days 10:10:00,5.5336,0.326
32 days 10:20:00,4.6305,0.5325
32 days 10:30:00,8.2931,0.306
32 days 10:40:00,13.7384,1.1025
32 days 10:50:00,12.2802,0.6835
32 days 11:00:00,11.05,0.4799
32 days 11:10:00,8.062,0.4157
32 days 11:20:00,8.2592,0.5873
32 days 11:30:00,4.4091,0.3504
32 days 11:40:00,13.4804,1.3013
32 days 11:50:00,7.7909,0.7353
32 days 12:00:00,11.3398,1.4162
32 days 12:10:00,7.6628,0.6494
32 days 12:20:00,6.6769,0.8683
32 days 12:30:00,8.4743,0.4383
32 days 12:40:00,13.7782,0.4216
32 days 12:50:00,11.5072,0.3333
32 days 13:00:00,13.0829,1.0098
32 days 13:10:00,4.1326,0.5243
32 days 13:20:00,14.9478,0.8349
32 days 13:30:00,19.5995,0.8491
32 days 13:40:00,6.6322,0.4027
32 days 13:50:00,10.3416,0.622
32 days 14:00:00,8.3507,0.5273
32 days 14:10:00,12.6609,1.2405
32 days 14:20:00,13.1746,1.0044
32 days 14:30:00,10.789,0.4401
32 days 14:40:00,6.7218,0.3386
32 days 14:50:00,5.421,0.3627
32 days 15:00:00,6.1746,0.3955
32 days 15:10:00,6.4586,0.2575
32 days 15:20:00,11.3312,0.6918
32 days 15:30:00,9.4666,0.5708
32 days 15:40:00,12.77,1.5458
32 days 15:50:00,6.449,0.3112
32 days 16:00:00,12.0112,0.3799
32 days 16:10:00,6.4672,0.7817
32 days 16:20:00,3.8177,0.5066
32 days 16:30:00,15.0835,0.9813
32 days 16:40:00,4.5991,0.2659
32 days 16:50:00,7.6095,0.3903
32 days 17:00:00,18.5251,1.2801
32 days 17:10:00,11.712,0.8661
32 days 17:20:00,10.3477,0.5461
32 days 17:30:00,8.6033,0.7883
32 days 17:40:00,10.1271,0.3128
32 days 17:50:00,13.9346,0.7471
32 days 18:00:00,5.626,0.3518
32 days 18:10:00,9.0299,0.4359
32 days 18:20:00,9.7227,0.8412
32 days 18:30:00,9.9387,0.5697
32 days 18:40:00,10.8988,0.8017
32 days 18:50:00,8.3695,0.1543
32 days 19:00:00,5.1979,0.6689
32 days 19:10:00,12.6135,0.3634
32 days 19:20:00,9.0385,0.8384
32 days 19:30:00,5.396,0.6522
32 days 19:40:00,8.5563,0.4433
32 days 19:50:00,6.0586,0.4253
32 days 20:00:00,18.0776,0.9788
32 days 20:10:00,8.9267,0.4066
32 days 20:20:00,9.2398,0.3423
32 days 20:30:00,15.8924,1.5646
32 days 20:40:00,3.145,0.2452
32 days 20:50:00,11.6767,0.609
32 days 21:00:00,10.4154,0.6417
32 days 21:10:00,21.0816,1.7937
32 days 21:20:00,12.9672,0.4327
32 days 21:30:00,12.8618,0.8792
32 days 21:40:00,17.5038,1.0316
32 days 21:50:00,7.121,0.6588
32 days 22:00:00,6.6286,0.6069
32 days 22:10:00,10.1768,0.6246
32 days 22:20:00,10.2303,0.4913
32 days 22:30:00,13.3219,0.5825
32 days 22:40:00,14.5053,1.5933
32 days 22:50:00,9.1089,0.5389
32 days 23:00:00,5.2663,0.3623
32 days 23:10:00,8.3169,0.3702
32 days 23:20:00,9.5214,0.7024
32 days 23:30:00,2.9226,0.2223
32 days 23:40:00,15.673,1.0418
32 days 23:50:00,10.1388,0.6195
33 days 00:00:00,7.9486,0.4788
33 days 00:10:00,12.4624,0.9596
33 days 00:20:00,10.5954,0.549
33 days 00:30:00,9.7597,0.4429
33 days 00:40:00,12.4847,0.688
33 days 00:50:00,6.2535,0.2682
33 days 01:00:00,13.6323,1.3786
33 days 01:10:00,19.9968,1.3954
33 days 01:20:00,8.3033,0.406
33 days 01:30:00,10.0689,0.5306
33 days 01:40:00,8.8795,1.2813
33 days 01:50:00,8.1687,0.2791
33 days 02:00:00,3.9434,0.4176
33 days 02:10:00,4.8441,0.4966
33 days 02:20:00,16.7427,1.0095
33 days 02:30:00,17.78,1.3888
33 days 02:40:00,7.0732,0.3023
33 days 02:50:00,17.9233,0.6415
33 days 03:00:00,13.1193,0.8077
33 days 03:10:00,11.5911,0.7138
33 days 03:20:00,4.301,0.1983
33 days 03:30:00,4.8477,0.3589
33 days 03:40:00,19.0242,1.5474
33 days 03:50:00,11.7558,0.3968
33 days 04:00:00,21.2157,1.2689
33 days 04:10:00,5.9115,0.7263
33 days 04:20:00,10.7416,0.485
33 days 04:30:00,8.0121,0.7528
33 days 04:40:00,15.6824,1.05
33 days 04:50:00,14.8239,0.7946
33 days 05:00:00,18.6669,0.93
33 days 05:10:00,13.0069,0.7206
33 days 05:20:00,4.9631,0.1026
33 days 05:30:00,4.6449,0.5972
33 days 05:40:00,6.005,0.4903
33 days 05:50:00,14.046,0.7565
33 days 06:00:00,13.4242,1.0432
33 days 06:10:00,23.2623,1.5298
33 days 06:20:00,14.9377,1.2387
33 days 06:30:00,13.3131,1.021
33 days 06:40:00,15.7145,0.9231
33 days 06:50:00,15.2411,1.1457
33 days 07:00:00,12.9821,0.903
33 days 07:10:00,8.0775,0.4365
33 days 07:20:00,8.6416,0.3571
33 days 07:30:00,15.579,0.8692
33 days 07:40:00,9.8622,0.6053
33 days 07:50:00,8.8881,0.7192
33 days 08:00:00,16.2826,0.7957
33 days 08:10:00,4.4298,0.3827
33 days 08:20:00,7.7453,0.8804
33 days 08:30:00,7.0523,0.3439
33 days 08:40:00,16.5047,1.0268
33 days 08:50:00,10.6298,0.9493
33 days 09:00:00,18.9363,1.0266
33 days 09:10:00,9.606,0.9384
33 days 09:20:00,4.9218,0.5652
33 days 09:30:00,14.9359,0.7762
33 days 09:40:00,9.8932,0.6173
33 days 09:50:00,10.1791,0.7417
33 days 10:00:00,10.9017,0.4742
33 days 10:10:00,11.0212,0.6165
33 days 10:20:00,3.7215,0.5349
33 days 10:30:00,7.0334,0.3207
33 days 10:40:00,8.3372,0.3696
33 days 10:50:00,6.7799,0.1459
33 days 11:00:00,15.073,0.7409
33 days 11:10:00,14.2384,0.7418
33 days 11:20:00,10.2401,0.6863
33 days 11:30:00,18.7195,1.1843
33 days 11:40:00,13.4204,0.4858
33 days 11:50:00,9.2012,0.8282
33 days 12:00:00,15.7559,0.874
33 days 12:10:00,18.4322,1.3428
33 days 12:20:00,17.4392,1.4498
33 days 12:30:00,12.318,0.8291
33 days 12:40:00,15.6133,1.7475
33 days 12:50:00,13.0999,0.8074
33 days 13:00:00,7.8877,0.3964
33 days 13:10:00,10.0787,0.6973
33 days 13:20:00,3.03,0.2242
33 days 13:30:00,4.3081,0.2285
33 days 13:40:00,3.7624,0.434
33 days 13:50:00,6.658,0.4592
33 days 14:00:00,8.1225,0.2499
33 days 14:10:00,7.1371,0.6025
33 days 14:20:00,16.0202,1.0519
33 days 14:30:00,12.7928,0.7969
33 days 14:40:00,5.6694,0.551
33 days 14:50:00,15.4047,0.8947
33 days 15:00:00,7.5791,0.7019
33 days 15:10:00,12.9331,1.2695
33 days 15:20:00,16.7075,1.2141
33 days 15:30:00,9.8407,0.6255
33 days 15:40:00,7.2143,0.5119
33 days 15:50:00,4.0234,0.4946
33 days 16:00:00,11.4713,0.6641
33 days 16:10:00,12.5108,0.7384
33 days 16:20:00,15.5904,0.8339
33 days 16:30:00,13.3081,0.3926
33 days 16:40:00,4.336,0.2916
33 days 16:50:00,10.8084,0.8384
33 days 17:00:00,7.8395,0.4994
33 days 17:10:00,17.1305,1.4281
33 days 17:20:00,11.9576,1.1326
33 days 17:30:00,3.7193,0.4636
33 days 17:40:00,8.9666,0.5367
33 days 17:50:00,13.7885,1.0755
33 days 18:00:00,18.5031,0.9365
33 days 18:10:00,6.4995,0.1193
33 days 18:20:00,15.2447,0.9632
33 days 18:30:00,19.1163,0.622
33 days 18:40:00,7.8784,0.492
33 days 18:50:00,9.929,1.1824
33 days 19:00:00,8.4311,0.7927
33 days 19:10:00,8.6211,0.3402
33 days 19:20:00,17.31,1.114
33 days 19:30:00,9.4712,0.9808
33 days 19:40:00,10.4748,0.6516
33 days 19:50:00,13.2545,0.5552
33 days 20:00:00,14.3031,1.0149
33 days 20:10:00,14.1448,0.6359
33 days 20:20:00,8.2647,0.9206
33 days 20:30:00,4.9848,0.2341
33 days 20:40:00,14.6962,0.8882
33 days 20:50:00,9.0452,0.6727
33 days 21:00:00,20.1271,1.9647
33 days 21:10:00,13.5575,0.9135
33 days 21:20:00,13.5298,1.2017
33 days 21:30:00,11.0045,0.848
33 days 21:40:00,10.882,0.5134
33 days 21:50:00,7.5107,0.4908
33 days 22:00:00,15.8869,0.8722
33 days 22:10:00,13.0465,0.7075
33 days 22:20:00,15.3766,0.8746
33 days 22:30:00,9.2599,0.6013
33 days 22:40:00,10.6136,0.2498
33 days 22:50:00,10.131,0.5886
33 days 23:00:00,13.3191,0.8797
33 days 23:10:00,18.4324,1.1511
33 days 23:20:00,3.6476,0.0861
33 days 23:30:00,12.8763,0.5879
33 days 23:40:00,21.9701,0.987
33 days 23:50:00,9.3619,0.5032
34 days 00:00:00,15.5459,1.1989
34 days 00:10:00,4.3443,0.3696
34 days 00:20:00,11.6721,0.7175
34 days 00:30:00,6.4835,0.3921
34 days 00:40:00,15.1131,0.5631
34 days 00:50:00,9.9844,0.828
34 days 01:00:00,10.711,0.4713
34 days 01:10:00,9.8795,1.133
34 days 01:20:00,6.2012,0.5568
34 days 01:30:00,8.9018,0.631
34 days 01:40:00,16.6961,1.1468
34 days 01:50:00,9.306,0.6708
34 days 02:00:00,10.5445,0.5489
34 days 02:10:00,6.2734,0.2571
34 days 02:20:00,5.4758,0.4853
34 days 02:30:00,10.2294,0.8017
34 days 02:40:00,9.5684,0.8505
34 days 02:50:00,11.3865,0.2411
34 days 03:00:00,3.6283,0.5864
34 days 03:10:00,11.5306,0.5006
34 days 03:20:00,6.7087,0.303
34 days 03:30:00,13.5458,1.0197
34 days 03:40:00,5.2837,0.1551
34 days 03:50:00,9.5552,0.4576
34 days 04:00:00,6.0276,0.3232
34 days 04:10:00,4.8315,0.3613
34 days 04:20:00,6.2428,0.4397
34 days 04:30:00,5.466,0.3073
34 days 04:40:00,20.8689,1.3817
34 days 04:50:00,4.1799,0.355
34 days 05:00:00,3.9665,0.3788
34 days 05:10:00,9.2579,0.3193
34 days 05:20:00,8.9074,0.7493
34 days 05:30:00,7.6495,0.9963
34 days 05:40:00,7.8207,0.1897
34 days 05:50:00,8.8044,0.3091
34 days 06:00:00,8.4753,0.7062
34 days 06:10:00,9.677,0.3491
34 days 06:20:00,10.6868,0.9617
34 days 06:30:00,9.191,0.4153
34 days 06:40:00,3.3376,0.2418
34 days 06:50:00,16.3725,1.4241
34 days 07:00:00,9.3395,0.4572
34 days 07:10:00,5.7742,0.4817
34 days 07:20:00,12.2344,0.3051
34 days 07:30:00,8.6361,0.9232
34 days 07:40:00,7.7174,0.8137
34 days 07:50:00,3.6873,0.5237
34 days 08:00:00,10.5348,0.4406
34 days 08:10:00,16.8146,0.4722
34 days 08:20:00,9.5236,0.6696
34 days 08:30:00,13.9735,0.4862
34 days 08:40:00,9.5232,0.9375
34 days 08:50:00,19.2517,1.6102
34 days 09:00:00,14.7829,0.5915
34 days 09:10:00,13.8457,1.1099
34 days 09:20:00,4.0482,0.4363
34 days 09:30:00,11.7491,0.3648
34 days 09:40:00,6.4507,0.326
34 days 09:50:00,5.4649,0.3701
34 days 10:00:00,6.4418,0.6389
34 days 10:10:00,5.8188,0.3973
34 days 10:20:00,6.9615,0.2333
34 days 10:30:00,13.914,0.7058
34 days 10:40:00,5.8926,0.5722
34 days 10:50:00,6.4494,0.5003
34 days 11:00:00,13.4491,0.9374
34 days 11:10:00,15.5964,0.8338
34 days 11:20:00,10.6724,0.4673
34 days 11:30:00,7.9714,0.2885
34 days 11:40:00,17.042,0.8146
34 days 11:50:00,4.6758,0.3064
34 days 12:00:00,23.577,2.0337
34 days 12:10:00,7.0407,1.5902
34 days 12:20:00,7.6755,0.4662
34 days 12:30:00,8.8174,0.9614
34 days 12:40:00,7.781,0.3801
34 days 12:50:00,7.2311,0.4365
34 days 13:00:00,15.4856,1.1263
34 days 13:10:00,8.5324,0.3687
34 days 13:20:00,10.8641,0.7423
34 days 13:30:00,10.6928,0.4395
34 days 13:40:00,7.4598,0.4275
34 days 13:50:00,25.1373,1.7643
34 days 14:00:00,6.8755,0.6474
34 days 14:10:00,8.7069,0.6562
34 days 14:20:00,6.841,0.5191
34 days 14:30:00,4.504,0.1379
34 days 14:40:00,7.9036,0.8367
34 days 14:50:00,9.2519,0.4735
34 days 15:00:00,14.2156,0.9047
34 days 15:10:00,7.4803,0.1884
34 days 15:20:00,14.4275,0.7723
34 days 15:30:00,8.8385,0.7784
34 days 15:40:00,8.8151,0.4682
34 days 15:50:00,11.622,1.1468
34 days 16:00:00,14.7222,0.6931
34 days 16:10:00,6.5172,0.2592
34 days 16:20:00,4.2101,0.2214
34 days 16:30:00,9.7566,0.5386
34 days 16:40:00,9.9239,0.797
34 days 16:50:00,12.5326,0.4536
34 days 17:00:00,11.0495,0.4738
34 days 17:10:00,10.9186,0.606
34 days 17:20:00,12.7821,0.8277
34 days 17:30:00,14.6357,0.478
34 days 17:40:00,8.522,0.4192
34 days 17:50:00,13.54,1.1453
34 days 18:00:00,5.7345,0.4312
34 days 18:10:00,15.2365,0.8867
34 days 18:20:00,4.3446,0.3631
34 days 18:30:00,16.2823,0.8361
34 days 18:40:00,15.8842,0.851
34 days 18:50:00,9.247,0.6561
34 days 19:00:00,7.5289,0.3645
34 days 19:10:00,7.9208,0.6094
34 days 19:20:00,10.9179,0.4614
34 days 19:30:00,12.7502,0.8852
34 days 19:40:00,10.5201,0.7867
34 days 19:50:00,13.8724,0.5684
34 days 20:00:00,9.9229,0.6816
34 days 20:10:00,6.1091,0.3355
34 days 20:20:00,13.3967,0.8411
34 days 20:30:00,5.7434,0.3005
34 days 20:40:00,9.9506,0.4608
34 days 20:50:00,7.2023,0.6842
34 days 21:00:00,14.5233,1.0094
34 days 21:10:00,18.1513,1.2675
34 days 21:20:00,12.7456,1.6227
34 days 21:30:00,6.722,0.5065
34 days 21:40:00,3.9408,0.4737
34 days 21:50:00,5.985,0.4345
34 days 22:00:00,16.4256,1.2764
34 days 22:10:00,17.1422,1.0287
34 days 22:20:00,11.5498,0.9586
34 days 22:30:00,5.0347,0.9249
34 days 22:40:00,11.0252,0.6754
34 days 22:50:00,9.2313,0.5998
34 days 23:00:00,12.7144,1.2627
34 days 23:10:00,12.2751,0.7858
34 days 23:20:00,9.3669,0.3192
34 days 23:30:00,21.1252,2.0827
34 days 23:40:00,16.4371,1.0791
34 days 23:50:00,17.0035,1.2663
35 days 00:00:00,18.0063,1.003
35 days 00:10:00,11.2751,0.9425
35 days 00:20:00,9.7294,0.8406
35 days 00:30:00,7.3383,0.3876
35 days 00:40:00,9.1183,0.6968
35 days 00:50:00,16.7082,1.5347
35 days 01:00:00,11.5153,0.7594
35 days 01:10:00,5.9017,0.3519
35 days 01:20:00,11.6404,0.7894
35 days 01:30:00,8.3052,0.559
35 days 01:40:00,6.8877,0.4598
35 days 01:50:00,12.1189,0.8331
35 days 02:00:00,13.7392,1.4007
35 days 02:10:00,11.9744,0.8098
35 days 02:20:00,10.2801,0.6353
35 days 02:30:00,8.4087,0.4685
35 days 02:40:00,8.4682,0.4831
35 days 02:50:00,14.1196,0.7126
35 days 03:00:00,3.8439,0.5414
35 days 03:10:00,4.8878,0.1717
35 days 03:20:00,15.66,0.9953
35 days 03:30:00,13.0642,0.1816
35 days 03:40:00,15.9482,0.6571
35 days 03:50:00,11.4917,0.6772
35 days 04:00:00,13.8689,0.6476
35 days 04:10:00,14.0543,0.4445
35 days 04:20:00,9.3546,0.5728
35 days 04:30:00,6.1664,0.3661
35 days 04:40:00,18.3376,1.2381
35 days 04:50:00,6.0646,0.5854
35 days 05:00:00,5.868,0.1978
35 days 05:10:00,24.0794,1.9617
35 days 05:20:00,5.5277,0.7068
35 days 05:30:00,4.7165,0.3
35 days 05:40:00,5.7989,0.407
35 days 05:50:00,10.5048,0.5025
35 days 06:00:00,12.7284,0.5696
35 days 06:10:00,11.2534,1.1757
35 days 06:20:00,5.3874,0.2672
35 days 06:30:00,9.0377,0.4289
35 days 06:40:00,13.4766,1.3355
35 days 06:50:00,10.5952,0.2955
35 days 07:00:00,3.7415,0.4957
35 days 07:10:00,7.1165,0.3553
35 days 07:20:00,12.4274,0.3656
35 days 07:30:00,11.5444,0.8549
35 days 07:40:00,10.4284,0.3878
35 days 07:50:00,11.6112,0.3634
35 days 08:00:00,7.6112,0.5524
35 days 08:10:00,8.8154,0.5824
35 days 08:20:00,5.5988,0.3339
35 days 08:30:00,6.5243,0.5508
35 days 08:40:00,15.8875,0.8394
35 days 08:50:00,16.0683,1.1217
35 days 09:00:00,13.8028,0.8293
35 days 09:10:00,9.0679,0.5332
35 days 09:20:00,14.2203,0.3928
35 days 09:30:00,6.4597,0.4521
35 days 09:40:00,5.2572,0.1966
35 days 09:50:00,13.4156,0.8368
35 days 10:00:00,6.5315,0.4545
35 days 10:10:00,5.1794,0.4199
35 days 10:20:00,8.5093,0.37
35 days 10:30:00,15.8751,0.9525
35 days 10:40:00,7.327,0.4779
35 days 10:50:00,9.223,0.5762
35 days 11:00:00,11.9065,0.7174
35 days 11:10:00,8.5034,0.7371
35 days 11:20:00,16.2083,0.826
35 days 11:30:00,19.7824,1.656
35 days 11:40:00,13.9097,1.1717
35 days 11:50:00,25.4103,2.1333
35 days 12:00:00,17.2653,1.3692
35 days 12:10:00,19.1666,1.1505
35 days 12:20:00,10.3302,0.2896
35 days 12:30:00,6.7231,0.4251
35 days 12:40:00,3.4723,0.5163
35 days 12:50:00,10.3425,0.9507
35 days 13:00:00,6.245,0.6486
35 days 13:10:00,13.0244,0.6135
35 days 13:20:00,6.5018,0.3077
35 days 13:30:00,4.6901,0.3952
35 days 13:40:00,12.6316,0.4002
35 days 13:50:00,10.9575,0.6893
35 days 14:00:00,9.8636,0.599
35 days 14:10:00,9.9999,0.4271
35 days 14:20:00,10.6519,0.4745
35 days 14:30:00,5.5713,0.099
35 days 14:40:00,11.2449,1.2633
35 days 14:50:00,12.9771,0.3634
35 days 15:00:00,11.5677,0.3077
35 days 15:10:00,11.0139,0.6541
35 days 15:20:00,7.3271,0.714
35 days 15:30:00,9.0232,0.241
35 days 15:40:00,14.3566,0.3373
35 days 15:50:00,6.5986,0.2667
35 days 16:00:00,15.1721,1.1524
35 days 16:10:00,4.0078,0.3874
35 days 16:20:00,11.9181,0.9607
35 days 16:30:00,15.1954,0.8152
35 days 16:40:00,10.7458,0.7773
35 days 16:50:00,16.6355,1.0089
35 days 17:00:00,6.21,0.8809
35 days 17:10:00,3.7229,0.4386
35 days 17:20:00,6.1346,0.3287
35 days 17:30:00,17.5423,1.8377
35 days 17:40:00,9.9338,0.9067
35 days 17:50:00,6.3912,0.4202
35 days 18:00:00,9.9738,0.5929
35 days 18:10:00,11.6842,0.7672
35 days 18:20:00,6.6306,0.4216
35 days 18:30:00,17.9698,0.9338
35 days 18:40:00,6.1108,0.4355
35 days 18:50:00,16.7334,1.5103
35 days 19:00:00,15.0982,1.3434
35 days 19:10:00,10.6615,0.4502
35 days 19:20:00,9.9686,0.7728
35 days 19:30:00,13.7393,0.7992
35 days 19:40:00,6.2458,0.8805
35 days 19:50:00,20.0576,1.2056
35 days 20:00:00,9.797,0.6372
35 days 20:10:00,12.4176,1.2241
35 days 20:20:00,8.6166,0.7811
35 days 20:30:00,5.1146,0.5063
35 days 20:40:00,10.853,0.8079
35 days 20:50:00,7.5346,1.0645
35 days 21:00:00,16.7794,0.5897
35 days 21:10:00,25.8009,2.8955
35 days 21:20:00,12.5022,0.5954
35 days 21:30:00,16.4638,0.9113
35 days 21:40:00,7.5367,0.448
35 days 21:50:00,8.0306,0.4986
35 days 22:00:00,7.1386,0.67
35 days 22:10:00,15.336,0.6391
35 days 22:20:00,13.7652,0.8775
35 days 22:30:00,4.1524,0.211
35 days 22:40:00,13.9117,0.9859
35 days 22:50:00,19.2641,1.6891
35 days 23:00:00,8.1414,0.5188
35 days 23:10:00,10.7798,0.3968
35 days 23:20:00,4.6945,0.6452
35 days 23:30:00,9.6269,0.5768
35 days 23:40:00,16.808,1.2003
35 days 23:50:00,9.9178,0.4825
36 days 00:00:00,9.7469,0.8635
36 days 00:10:00,13.0621,0.9613
36 days 00:20:00,5.457,0.5769
36 days 00:30:00,9.6647,0.4598
36 days 00:40:00,9.909,0.4892
36 days 00:50:00,13.1259,0.9464
36 days 01:00:00,11.7837,0.3137
36 days 01:10:00,11.9899,0.8582
36 days 01:20:00,10.543,0.4148
36 days 01:30:00,6.8432,0.8601
36 days 01:40:00,6.0615,0.5677
36 days 01:50:00,11.1562,0.6916
36 days 02:00:00,12.5967,0.7682
36 days 02:10:00,4.8169,0.7531
36 days 02:20:00,14.2969,0.8507
36 days 02:30:00,14.7385,0.9789
36 days 02:40:00,6.9957,0.6869
36 days 02:50:00,10.4926,0.4773
36 days 03:00:00,4.8477,0.5297
36 days 03:10:00,15.7169,1.0363
36 days 03:20:00,12.3382,0.5238
36 days 03:30:00,7.1464,0.489
36 days 03:40:00,18.4061,0.7346
36 days 03:50:00,8.2267,0.6688
36 days 04:00:00,14.2823,0.897
36 days 04:10:00,17.385,1.0889
36 days 04:20:00,5.8273,0.3104
36 days 04:30:00,11.9298,0.4913
36 days 04:40:00,6.4363,0.7206
36 days 04:50:00,8.125,0.2807
36 days 05:00:00,15.3749,1.0433
36 days 05:10:00,15.1541,0.996
36 days 05:20:00,7.3687,0.4275
36 days 05:30:00,6.6965,0.3626
36 days 05:40:00,13.9307,0.5033
36 days 05:50:00,18.6212,1.0316
36 days 06:00:00,12.7806,0.8983
36 days 06:10:00,10.6672,0.7289
36 days 06:20:00,10.4393,0.3294
36 days 06:30:00,9.9924,0.4614
36 days 06:40:00,5.2444,0.5352
36 days 06:50:00,12.9153,1.2918
36 days 07:00:00,19.8469,1.5187
36 days 07:10:00,11.9544,0.6772
36 days 07:20:00,7.1373,0.51
36 days 07:30:00,14.0048,1.2014
36 days 07:40:00,12.9647,0.4599
36 days 07:50:00,20.9981,1.8813
36 days 08:00:00,17.2501,1.4061
36 days 08:10:00,22.0091,2.3727
36 days 08:20:00,8.516,0.7372
36 days 08:30:00,6.5898,0.8461
36 days 08:40:00,9.1735,0.6252
36 days 08:50:00,15.5634,0.5072
36 days 09:00:00,13.4429,0.7675
36 days 09:10:00,9.179,0.6877
36 days 09:20:00,15.4266,1.1813
36 days 09:30:00,13.1983,1.3426
36 days 09:40:00,6.51,0.2924
36 days 09:50:00,5.1857,0.5107
36 days 10:00:00,15.4266,1.1813
36 days 10:10:00,12.762,0.3575
36 days 10:20:00,9.7711,0.4835
36 days 10:30:00,14.7948,1.048
36 days 10:40:00,14.4018,0.9835
36 days 10:50:00,19.6023,1.6196
36 days 11:00:00,7.5747,0.5489
36 days 11:10:00,9.8533,0.5506
36 days 11:20:00,10.1364,0.6286
36 days 11:30:00,5.3011,0.3812
36 days 11:40:00,11.9918,0.3171
36 days 11:50:00,6.9993,0.2254
36 days 12:00:00,9.47,0.8424
36 days 12:10:00,6.4275,0.6463
36 days 12:20:00,9.2791,0.6356
36 days 12:30:00,8.0685,0.1895
36 days 12:40:00,15.6892,0.4848
36 days 12:50:00,10.4983,0.6663
36 days 13:00:00,17.6459,1.2277
36 days 13:10:00,13.0507,0.9469
36 days 13:20:00,13.7572,0.3851
36 days 13:30:00,10.2108,0.4559
36 days 13:40:00,3.7783,0.1756
36 days 13:50:00,8.8097,0.4855
36 days 14:00:00,28.6086,2.7408
36 days 14:10:00,10.4044,0.4923
36 days 14:20:00,15.9367,1.0324
36 days 14:30:00,7.165,0.5037
36 days 14:40:00,11.4334,0.3862
36 days 14:50:00,6.8016,0.3772
36 days 15:00:00,13.3712,0.4152
36 days 15:10:00,18.8582,1.5925
36 days 15:20:00,14.1078,0.5838
36 days 15:30:00,10.3364,0.2176
36 days 15:40:00,11.7763,0.7033
36 days 15:50:00,15.9975,1.2295
36 days 16:00:00,20.1722,1.2918
36 days 16:10:00,5.5796,0.5379
36 days 16:20:00,18.6238,1.4807
36 days 16:30:00,4.5217,0.4946
36 days 16:40:00,10.2855,1.1596
36 days 16:50:00,9.3116,0.5959
36 days 17:00:00,10.651,0.8088
36 days 17:10:00,5.4053,0.7044
36 days 17:20:00,7.5616,0.8568
36 days 17:30:00,6.8249,0.2751
36 days 17:40:00,8.0544,0.1043
36 days 17:50:00,12.4963,0.8021
36 days 18:00:00,3.4214,0.4279
36 days 18:10:00,7.9484,0.25
36 days 18:20:00,4.6457,0.1476
36 days 18:30:00,7.4697,0.6461
36 days 18:40:00,8.0242,0.513
36 days 18:50:00,7.8229,0.4947
36 days 19:00:00,7.7832,0.4522
36 days 19:10:00,7.6027,0.5509
36 days 19:20:00,18.471,1.3406
36 days 19:30:00,13.9856,0.2374
36 days 19:40:00,4.2566,0.4751
36 days 19:50:00,13.0575,0.7626
36 days 20:00:00,3.2435,0.2662
36 days 20:10:00,7.3716,0.6687
36 days 20:20:00,4.7908,0.4434
36 days 20:30:00,13.631,0.8574
36 days 20:40:00,16.993,1.6148
36 days 20:50:00,12.6948,0.4881
36 days 21:00:00,9.1963,0.488
36 days 21:10:00,12.7492,0.5487
36 days 21:20:00,13.2058,0.5104
36 days 21:30:00,4.2737,0.3157
36 days 21:40:00,9.8413,0.5586
36 days 21:50:00,6.1819,0.3596
36 days 22:00:00,12.0301,0.7702
36 days 22:10:00,4.9078,0.3186
36 days 22:20:00,7.4218,0.4537
36 days 22:30:00,18.8268,1.1188
36 days 22:40:00,15.682,0.7643
36 days 22:50:00,17.8098,1.5377
36 days 23:00:00,10.1451,0.1838
36 days 23:10:00,12.2508,1.0051
36 days 23:20:00,8.2678,0.3187
36 days 23:30:00,4.7505,0.3955
36 days 23:40:00,5.0856,0.8983
36 days 23:50:00,7.7945,0.448
37 days 00:00:00,7.9334,0.3999
37 days 00:10:00,8.6232,0.735
37 days 00:20:00,10.0144,0.5852
37 days 00:30:00,14.4227,0.9325
37 days 00:40:00,11.6617,0.5618
37 days 00:50:00,13.4935,0.8101
37 days 01:00:00,17.7765,0.6782
37 days 01:10:00,14.0869,1.0247
37 days 01:20:00,15.6002,0.947
37 days 01:30:00,9.9408,0.7846
37 days 01:40:00,5.5768,0.25
37 days 01:50:00,8.3062,0.337
37 days 02:00:00,16.7138,0.831
37 days 02:10:00,14.4991,0.453
37 days 02:20:00,8.1571,0.5254
37 days 02:30:00,4.2271,0.2799
37 days 02:40:00,17.6261,1.4169
37 days 02:50:00,4.1451,0.6975
37 days 03:00:00,11.7762,0.5358
37 days 03:10:00,12.2877,0.7723
37 days 03:20:00,7.8673,0.4559
37 days 03:30:00,7.4591,0.3701
37 days 03:40:00,17.3621,1.4332
37 days 03:50:00,18.9291,2.0352
37 days 04:00:00,12.8508,0.3493
37 days 04:10:00,10.8297,0.9483
37 days 04:20:00,7.5821,0.4757
37 days 04:30:00,16.6639,0.7383
37 days 04:40:00,7.2522,0.2975
37 days 04:50:00,5.8196,0.2506
37 days 05:00:00,3.1822,0.3038
37 days 05:10:00,15.1809,0.5294
37 days 05:20:00,5.7915,0.2754
37 days 05:30:00,8.6928,0.4019
37 days 05:40:00,3.2085,0.3477
37 days 05:50:00,5.9455,0.356
37 days 06:00:00,11.7504,1.2581
37 days 06:10:00,11.6219,1.0306
37 days 06:20:00,9.1284,0.8766
37 days 06:30:00,6.0004,0.1587
37 days 06:40:00,9.818,0.4125
37 days 06:50:00,18.2707,1.7866
37 days 07:00:00,11.8929,0.6233
37 days 07:10:00,17.67,0.6675
37 days 07:20:00,9.6413,0.4351
37 days 07:30:00,14.7165,0.7564
37 days 07:40:00,11.1982,0.6223
37 days 07:50:00,22.6753,2.2667
37 days 08:00:00,7.5314,0.3088
37 days 08:10:00,5.4323,0.3854
37 days 08:20:00,11.4251,0.834
37 days 08:30:00,7.1367,0.4668
37 days 08:40:00,4.3973,0.262
37 days 08:50:00,11.5539,0.8564
37 days 09:00:00,11.1445,0.5414
37 days 09:10:00,10.0595,0.7516
37 days 09:20:00,9.8115,0.4238
37 days 09:30:00,7.91,0.6152
37 days 09:40:00,26.4337,2.2177
37 days 09:50:00,7.4024,0.5203
37 days 10:00:00,10.4409,0.6011
37 days 10:10:00,7.5048,0.7772
37 days 10:20:00,9.9558,0.5806
37 days 10:30:00,4.2091,0.5521
37 days 10:40:00,14.9954,1.2032
37 days 10:50:00,10.7278,0.4601
37 days 11:00:00,5.2072,0.3252
37 days 11:10:00,18.5813,0.8001
37 days 11:20:00,9.7642,0.6989
37 days 11:30:00,15.2487,0.784
37 days 11:40:00,6.2967,0.4329
37 days 11:50:00,17.2477,1.5341
37 days 12:00:00,6.1577,0.3974
37 days 12:10:00,4.1326,0.1592
37 days 12:20:00,3.8522,0.2719
37 days 12:30:00,4.4672,0.4963
37 days 12:40:00,20.1056,1.3806
37 days 12:50:00,3.4724,0.6605
37 days 13:00:00,13.0795,0.6737
37 days 13:10:00,11.4178,0.6574
37 days 13:20:00,7.3987,0.4511
37 days 13:30:00,22.2206,1.6162
37 days 13:40:00,12.3068,1.2402
37 days 13:50:00,7.912,0.4402
37 days 14:00:00,8.2788,0.1837
37 days 14:10:00,10.8522,0.9687
37 days 14:20:00,15.2579,0.6952
37 days 14:30:00,11.7953,0.6507
37 days 14:40:00,12.2739,0.6241
37 days 14:50:00,7.9117,0.709
37 days 15:00:00,5.4444,0.6014
37 days 15:10:00,3.313,0.2992
37 days 15:20:00,15.7243,1.1843
37 days 15:30:00,7.2369,0.7775
37 days 15:40:00,9.7637,0.4348
37 days 15:50:00,9.4055,0.6962
37 days 16:00:00,6.2683,0.8763
37 days 16:10:00,12.8171,0.6761
37 days 16:20:00,8.4025,0.3183
37 days 16:30:00,12.3878,0.5777
37 days 16:40:00,15.1821,0.7184
37 days 16:50:00,7.7504,0.3969
37 days 17:00:00,5.2579,0.2843
37 days 17:10:00,19.4651,1.8004
37 days 17:20:00,6.7678,0.2228
37 days 17:30:00,10.2087,0.72
37 days 17:40:00,8.7343,0.6852
37 days 17:50:00,11.9535,0.9616
37 days 18:00:00,8.6642,0.277
37 days 18:10:00,10.2359,0.3504
37 days 18:20:00,5.9666,0.1739
37 days 18:30:00,5.8008,0.5518
37 days 18:40:00,12.7665,0.3141
37 days 18:50:00,12.1083,0.3594
37 days 19:00:00,4.337,0.0791
37 days 19:10:00,10.1174,0.6132
37 days 19:20:00,11.1493,0.6772
37 days 19:30:00,6.8183,0.5199
37 days 19:40:00,16.5197,0.9003
37 days 19:50:00,13.0064,0.8482
37 days 20:00:00,5.3157,0.288
37 days 20:10:00,4.3627,0.2741
37 days 20:20:00,5.7236,0.4033
37 days 20:30:00,13.3142,0.9774
37 days 20:40:00,8.1238,0.2671
37 days 20:50:00,8.7385,0.7816
37 days 21:00:00,7.7403,0.4641
37 days 21:10:00,11.2108,0.4258
37 days 21:20:00,6.9599,0.3968
37 days 21:30:00,3.3898,0.5176
37 days 21:40:00,15.0063,0.4351
37 days 21:50:00,12.0467,0.7283
37 days 22:00:00,11.9126,0.8101
37 days 22:10:00,16.3775,1.0636
37 days 22:20:00,13.5136,0.9382
37 days 22:30:00,12.2019,0.9436
37 days 22:40:00,13.3387,0.9956
37 days 22:50:00,7.1324,0.5946
37 days 23:00:00,14.0074,0.4621
37 days 23:10:00,12.577,0.5874
37 days 23:20:00,6.7576,0.5081
37 days 23:30:00,9.822,0.4502
37 days 23:40:00,6.9385,0.7902
37 days 23:50:00,6.5976,0.6953
38 days 00:00:00,10.0518,0.4616
38 days 00:10:00,5.7732,0.5562
38 days 00:20:00,8.081,0.4314
38 days 00:30:00,8.4645,0.4181
38 days 00:40:00,11.2606,0.7502
38 days 00:50:00,21.7292,1.8915
38 days 01:00:00,14.0967,0.7965
38 days 01:10:00,4.9679,1.0096
38 days 01:20:00,10.9368,1.0039
38 days 01:30:00,15.5695,0.8954
38 days 01:40:00,16.7998,1.0598
38 days 01:50:00,4.9735,0.2422
38 days 02:00:00,7.2641,0.5396
38 days 02:10:00,10.5439,0.5905
38 days 02:20:00,14.6528,1.0872
38 days 02:30:00,16.1287,1.3667
38 days 02:40:00,6.5369,1.1329
38 days 02:50:00,8.1636,0.4297
38 days 03:00:00,12.3036,0.7333
38 days 03:10:00,6.7201,1.242
38 days 03:20:00,5.9599,0.4826
38 days 03:30:00,13.4682,0.7011
38 days 03:40:00,11.403,0.4151
38 days 03:50:00,14.2395,1.2373
38 days 04:00:00,12.1249,0.6592
38 days 04:10:00,15.0096,1.1163
38 days 04:20:00,10.1293,0.426
38 days 04:30:00,33.8002,3.2162
38 days 04:40:00,4.4895,0.3096
38 days 04:50:00,12.9043,0.6003
38 days 05:00:00,16.1731,1.5764
38 days 05:10:00,20.3943,1.1349
38 days 05:20:00,5.8807,0.3573
38 days 05:30:00,7.1976,0.6495
38 days 05:40:00,9.2728,0.533
38 days 05:50:00,6.4899,0.4355
38 days 06:00:00,5.2112,0.4662
38 days 06:10:00,11.6101,1.4746
38 days 06:20:00,7.9913,0.6424
38 days 06:30:00,13.1749,1.1911
38 days 06:40:00,11.7376,0.5159
38 days 06:50:00,8.1612,0.9134
38 days 07:00:00,13.0793,0.436
38 days 07:10:00,20.2855,2.583
38 days 07:20:00,4.9498,0.3273
38 days 07:30:00,19.051,1.6814
38 days 07:40:00,4.948,0.2998
38 days 07:50:00,10.562,0.4393
38 days 08:00:00,4.3529,0.4514
38 days 08:10:00,15.1824,1.3673
38 days 08:20:00,16.4763,1.2539
38 days 08:30:00,12.8608,0.5282
38 days 08:40:00,14.294,0.6719
38 days 08:50:00,5.9447,0.4211
38 days 09:00:00,15.867,0.899
38 days 09:10:00,24.0099,1.7254
38 days 09:20:00,17.6559,1.1246
38 days 09:30:00,8.1493,0.2697
38 days 09:40:00,16.6093,1.1477
38 days 09:50:00,7.246,0.5322
38 days 10:00:00,9.5582,1.7061
38 days 10:10:00,8.0916,0.4386
38 days 10:20:00,10.9744,0.7351
38 days 10:30:00,17.3487,1.0771
38 days 10:40:00,12.4899,0.8501
38 days 10:50:00,12.5975,1.4941
38 days 11:00:00,12.524,0.4283
38 days 11:10:00,15.4463,1.5074
38 days 11:20:00,12.849,0.7985
38 days 11:30:00,4.8329,0.3673
38 days 11:40:00,13.6765,0.9539
38 days 11:50:00,8.6238,0.3522
38 days 12:00:00,10.3036,0.5667
38 days 12:10:00,7.9745,0.5515
38 days 12:20:00,6.1949,0.5754
38 days 12:30:00,11.1499,0.7422
38 days 12:40:00,7.9155,0.3758
38 days 12:50:00,9.9587,0.8658
38 days 13:00:00,8.1315,0.3423
38 days 13:10:00,3.2832,0.0593
38 days 13:20:00,8.0733,0.8753
38 days 13:30:00,9.8616,0.8763
38 days 13:40:00,4.5545,0.4334
38 days 13:50:00,10.0626,0.3206
38 days 14:00:00,12.0545,0.7678
38 days 14:10:00,8.3246,0.5633
38 days 14:20:00,5.5062,0.3669
38 days 14:30:00,13.1409,0.4681
38 days 14:40:00,7.6645,0.8296
38 days 14:50:00,13.7633,0.5976
38 days 15:00:00,12.8363,0.5991
38 days 15:10:00,15.0946,1.2143
38 days 15:20:00,15.2022,1.0694
38 days 15:30:00,15.0078,1.1506
38 days 15:40:00,9.7065,0.9174
38 days 15:50:00,19.4776,1.196
38 days 16:00:00,7.5962,0.2448
38 days 16:10:00,13.5099,1.2353
38 days 16:20:00,7.9777,0.5691
38 days 16:30:00,18.7366,1.3553
38 days 16:40:00,14.3059,0.7734
38 days 16:50:00,16.368,0.9865
38 days 17:00:00,24.801,1.6337
38 days 17:10:00,14.7123,1.0406
38 days 17:20:00,16.1562,1.2197
38 days 17:30:00,8.218,0.4576
38 days 17:40:00,14.6687,1.163
38 days 17:50:00,10.2577,0.8188
38 days 18:00:00,15.9814,1.0801
38 days 18:10:00,9.6958,0.267
38 days 18:20:00,20.5903,1.4499
38 days 18:30:00,4.6619,0.4785
38 days 18:40:00,7.2412,0.6262
38 days 18:50:00,23.5382,1.3983
38 days 19:00:00,13.666,1.197
38 days 19:10:00,9.0239,0.5906
38 days 19:20:00,15.5681,1.1269
38 days 19:30:00,4.335,0.5535
38 days 19:40:00,3.5699,0.2488
38 days 19:50:00,16.6299,0.9883
38 days 20:00:00,3.9905,0.5623
38 days 20:10:00,6.1281,0.1726
38 days 20:20:00,14.4485,0.8765
38 days 20:30:00,20.7101,1.3619
38 days 20:40:00,10.3029,0.5465
38 days 20:50:00,8.2272,0.5552
38 days 21:00:00,15.1514,1.1394
38 days 21:10:00,15.5112,0.701
38 days 21:20:00,15.9057,0.9316
38 days 21:30:00,5.3104,0.2599
38 days 21:40:00,25.6344,2.9922
38 days 21:50:00,18.0759,1.1975
38 days 22:00:00,22.3667,1.0475
38 days 22:10:00,14.7789,0.6864
38 days 22:20:00,17.1396,1.4537
38 days 22:30:00,16.5886,0.7545
38 days 22:40:00,15.8416,0.677
38 days 22:50:00,5.7634,0.7653
38 days 23:00:00,4.8827,0.2706
38 days 23:10:00,20.3683,1.3164
38 days 23:20:00,12.4916,0.8319
38 days 23:30:00,11.158,0.3595
38 days 23:40:00,19.2526,1.4625
38 days 23:50:00,12.5202,0.3825
39 days 00:00:00,8.1275,0.6891
39 days 00:10:00,8.9957,0.8416
39 days 00:20:00,15.4343,0.9722
39 days 00:30:00,4.9557,0.5903
39 days 00:40:00,10.5785,0.6116
39 days 00:50:00,10.8664,0.2395
39 days 01:00:00,9.1122,0.8079
39 days 01:10:00,7.4368,0.9385
39 days 01:20:00,10.7051,0.2777
39 days 01:30:00,13.2081,1.038
39 days 01:40:00,23.191,1.913
39 days 01:50:00,9.1853,0.8587
39 days 02:00:00,15.4386,1.26
39 days 02:10:00,15.9662,1.1309
39 days 02:20:00,3.1289,0.1911
39 days 02:30:00,4.4967,0.2955
39 days 02:40:00,6.9616,0.5464
39 days 02:50:00,15.0254,1.0735
39 days 03:00:00,5.4847,0.2754
39 days 03:10:00,8.1251,0.2261
39 days 03:20:00,4.6555,0.5391
39 days 03:30:00,4.7411,0.5059
39 days 03:40:00,6.7845,0.381
39 days 03:50:00,7.5131,0.134
39 days 04:00:00,10.6309,0.6866
39 days 04:10:00,7.8426,0.3275
39 days 04:20:00,14.5041,1.0278
39 days 04:30:00,4.8261,0.3056
39 days 04:40:00,14.555,0.685
39 days 04:50:00,15.074,0.9141
39 days 05:00:00,14.7916,1.235
39 days 05:10:00,5.1745,0.6081
39 days 05:20:00,11.8672,0.8748
39 days 05:30:00,15.7166,1.0927
39 days 05:40:00,14.7948,0.7194
39 days 05:50:00,18.3444,0.9017
39 days 06:00:00,10.4188,0.5998
39 days 06:10:00,7.859,0.5927
39 days 06:20:00,4.6754,0.3667
39 days 06:30:00,6.4612,0.6294
39 days 06:40:00,7.8464,0.2516
39 days 06:50:00,11.5111,0.8851
39 days 07:00:00,10.752,0.7825
39 days 07:10:00,7.6452,0.2353
39 days 07:20:00,10.6528,0.4007
39 days 07:30:00,9.3791,0.8495
39 days 07:40:00,6.3829,0.4809
39 days 07:50:00,17.978,1.3864
39 days 08:00:00,9.9733,0.6103
39 days 08:10:00,7.1014,0.7601
39 days 08:20:00,3.9471,0.6276
39 days 08:30:00,16.8033,1.1006
39 days 08:40:00,11.8719,0.7319
39 days 08:50:00,9.6754,0.3661
39 days 09:00:00,21.2021,1.4731
39 days 09:10:00,7.9407,0.4558
39 days 09:20:00,15.3138,1.1282
39 days 09:30:00,9.6465,0.3506
39 days 09:40:00,22.0878,1.1867
39 days 09:50:00,11.1066,1.0185
39 days 10:00:00,8.7282,0.6376
39 days 10:10:00,8.5607,0.6608
39 days 10:20:00,12.9125,0.6611
39 days 10:30:00,15.3428,0.9639
39 days 10:40:00,7.2128,0.4376
39 days 10:50:00,7.0318,0.8055
39 days 11:00:00,9.7746,0.7837
39 days 11:10:00,12.7953,0.4153
39 days 11:20:00,13.5585,0.8888
39 days 11:30:00,18.1434,1.1885
39 days 11:40:00,5.2578,0.2539
39 days 11:50:00,9.6312,0.7546
39 days 12:00:00,9.6967,0.8915
39 days 12:10:00,15.9964,1.3159
39 days 12:20:00,9.4411,0.4924
39 days 12:30:00,11.0123,0.3927
39 days 12:40:00,10.119,0.6101
39 days 12:50:00,15.1541,0.996
39 days 13:00:00,10.5075,0.248
39 days 13:10:00,14.5861,1.0385
39 days 13:20:00,5.9233,0.5366
39 days 13:30:00,9.669,0.8189
39 days 13:40:00,15.7992,0.6266
39 days 13:50:00,8.1492,0.8933
39 days 14:00:00,14.3379,0.6357
39 days 14:10:00,11.6415,0.9037
39 days 14:20:00,8.3087,0.5119
39 days 14:30:00,5.3159,0.0524
39 days 14:40:00,9.4902,0.5139
39 days 14:50:00,12.669,0.5678
39 days 15:00:00,14.0285,1.1312
39 days 15:10:00,7.8837,0.7566
39 days 15:20:00,9.4134,0.6147
39 days 15:30:00,12.9328,0.9338
39 days 15:40:00,14.0227,0.9085
39 days 15:50:00,10.6473,0.4863
39 days 16:00:00,13.281,0.69
39 days 16:10:00,14.0093,1.2152
39 days 16:20:00,9.4899,0.541
39 days 16:30:00,12.9848,0.4112
39 days 16:40:00,18.0803,1.519
39 days 16:50:00,9.7774,0.6659
39 days 17:00:00,6.4618,0.4157
39 days 17:10:00,3.4776,0.2479
39 days 17:20:00,8.834,0.4862
39 days 17:30:00,18.949,1.3889
39 days 17:40:00,13.3618,1.0561
39 days 17:50:00,7.5474,0.7311
39 days 18:00:00,19.5051,0.8753
39 days 18:10:00,9.1574,0.3936
39 days 18:20:00,12.6347,0.4456
39 days 18:30:00,11.2962,1.3454
39 days 18:40:00,4.3953,0.2263
39 days 18:50:00,9.9929,1.0879
39 days 19:00:00,13.4896,1.2282
39 days 19:10:00,15.7885,1.244
39 days 19:20:00,6.7334,0.3397
39 days 19:30:00,9.6438,0.7016
39 days 19:40:00,6.9545,0.5929
39 days 19:50:00,4.9887,0.3322
39 days 20:00:00,14.6088,1.3523
39 days 20:10:00,4.6129,0.4468
39 days 20:20:00,24.9091,2.342
39 days 20:30:00,8.9007,0.4715
39 days 20:40:00,18.4671,1.1566
39 days 20:50:00,11.8561,0.4559
39 days 21:00:00,14.7924,0.5952
39 days 21:10:00,5.7481,0.5478
39 days 21:20:00,12.4362,0.5212
39 days 21:30:00,5.2258,0.1446
39 days 21:40:00,15.9287,0.6844
39 days 21:50:00,15.9234,0.9972
39 days 22:00:00,6.568,0.2752
39 days 22:10:00,18.4025,1.8038
39 days 22:20:00,10.219,0.7296
39 days 22:30:00,7.519,0.3662
39 days 22:40:00,6.8696,0.4859
39 days 22:50:00,8.771,0.6756
39 days 23:00:00,11.5743,0.5516
39 days 23:10:00,13.0288,0.8457
39 days 23:20:00,16.7193,0.6194
39 days 23:30:00,8.9885,0.3592
39 days 23:40:00,10.1477,0.8579
39 days 23:50:00,4.8226,0.6413
40 days 00:00:00,12.5012,0.4494
40 days 00:10:00,4.4566,0.2855
40 days 00:20:00,19.7044,1.6915
40 days 00:30:00,14.186,0.6985
40 days 00:40:00,8.5058,0.2296
40 days 00:50:00,4.2304,0.4472
40 days 01:00:00,12.5419,0.4037
40 days 01:10:00,15.6226,0.5394
40 days 01:20:00,4.2216,0.2258
40 days 01:30:00,18.2176,1.8741
40 days 01:40:00,18.4205,1.1038
40 days 01:50:00,9.0395,1.0225
40 days 02:00:00,10.1002,0.6382
40 days 02:10:00,14.3249,0.7929
40 days 02:20:00,18.5528,1.5906
40 days 02:30:00,5.336,0.4773
40 days 02:40:00,6.6964,0.5061
40 days 02:50:00,9.5715,0.3336
40 days 03:00:00,19.0619,2.722
40 days 03:10:00,5.4835,0.8115
40 days 03:20:00,6.731,0.2945
40 days 03:30:00,3.7756,0.2159
40 days 03:40:00,8.8385,0.7784
40 days 03:50:00,11.076,0.7349
40 days 04:00:00,5.8494,0.3734
40 days 04:10:00,4.5538,0.3458
40 days 04:20:00,10.57,0.5343
40 days 04:30:00,2.8107,0.1806
40 days 04:40:00,13.1107,0.9301
40 days 04:50:00,13.516,0.7312
40 days 05:00:00,10.7706,0.4535
40 days 05:10:00,10.4193,0.4901
40 days 05:20:00,6.7489,0.5478
40 days 05:30:00,10.7496,0.5906
40 days 05:40:00,13.8888,0.6285
40 days 05:50:00,15.4034,0.7958
40 days 06:00:00,9.5892,0.725
40 days 06:10:00,15.3857,0.8953
40 days 06:20:00,16.1022,0.9436
40 days 06:30:00,13.4597,0.6248
40 days 06:40:00,12.7166,0.499
40 days 06:50:00,7.8794,0.4629
40 days 07:00:00,11.0349,0.6077
40 days 07:10:00,8.7918,0.7001
40 days 07:20:00,6.4981,0.2851
40 days 07:30:00,7.6043,0.7509
40 days 07:40:00,10.9902,0.3199
40 days 07:50:00,11.9393,0.5469
40 days 08:00:00,16.3675,1.001
40 days 08:10:00,5.4665,0.474
40 days 08:20:00,7.192,0.4611
40 days 08:30:00,8.8717,0.68
40 days 08:40:00,9.1508,0.6673
40 days 08:50:00,14.1397,0.9448
40 days 09:00:00,6.6533,0.3757
40 days 09:10:00,11.438,0.7581
40 days 09:20:00,14.8075,1.0603
40 days 09:30:00,3.7941,0.5117
40 days 09:40:00,4.9627,0.3941
40 days 09:50:00,6.8831,0.5415
40 days 10:00:00,19.7134,1.0068
40 days 10:10:00,14.951,0.518
40 days 10:20:00,9.9895,0.8815
40 days 10:30:00,5.0195,0.2955
40 days 10:40:00,7.6309,0.2306
40 days 10:50:00,6.7542,0.5627
40 days 11:00:00,10.7316,0.3736
40 days 11:10:00,23.9428,1.9201
40 days 11:20:00,19.0424,1.5778
40 days 11:30:00,7.0433,0.4975
40 days 11:40:00,16.2258,0.607
40 days 11:50:00,6.9722,0.3747
40 days 12:00:00,7.806,0.1204
40 days 12:10:00,24.5985,2.0113
40 days 12:20:00,5.1323,0.2934
40 days 12:30:00,4.2271,0.2417
40 days 12:40:00,12.1856,0.8799
40 days 12:50:00,21.3976,1.2108
40 days 13:00:00,4.8841,0.4847
40 days 13:10:00,13.367,0.8128
40 days 13:20:00,10.2641,0.5333
40 days 13:30:00,10.405,0.2843
40 days 13:40:00,3.3803,0.4666
40 days 13:50:00,19.2838,1.0819
40 days 14:00:00,6.1735,0.4546
40 days 14:10:00,5.4926,0.4678
40 days 14:20:00,14.7358,0.6637
40 days 14:30:00,20.3346,1.2979
40 days 14:40:00,14.9045,0.3386
40 days 14:50:00,11.1834,0.8719
40 days 15:00:00,5.087,0.5702
40 days 15:10:00,15.5469,0.8096
40 days 15:20:00,5.3131,0.4699
40 days 15:30:00,10.8923,0.8104
40 days 15:40:00,13.9949,0.757
40 days 15:50:00,14.0766,0.7299
40 days 16:00:00,10.2378,0.4215
40 days 16:10:00,5.5416,0.6764
40 days 16:20:00,8.6218,0.2571
40 days 16:30:00,8.8764,0.8547
40 days 16:40:00,9.3819,0.1624
40 days 16:50:00,8.5992,0.2326
40 days 17:00:00,14.997,0.7588
40 days 17:10:00,7.8734,0.1517
40 days 17:20:00,10.1016,0.3218
40 days 17:30:00,8.5837,0.6704
40 days 17:40:00,9.1277,0.1742
40 days 17:50:00,9.1601,0.6701
40 days 18:00:00,23.2219,1.9424
40 days 18:10:00,8.5444,0.436
40 days 18:20:00,11.7608,0.776
40 days 18:30:00,10.4546,1.013
40 days 18:40:00,5.5606,0.3765
40 days 18:50:00,7.7328,0.5226
40 days 19:00:00,12.0558,0.5778
40 days 19:10:00,10.3068,0.6293
40 days 19:20:00,14.069,1.8383
40 days 19:30:00,22.1131,1.6634
40 days 19:40:00,6.1607,0.3896
40 days 19:50:00,13.0832,0.5404
40 days 20:00:00,14.8459,0.8087
40 days 20:10:00,15.3546,0.8954
40 days 20:20:00,11.024,0.4153
40 days 20:30:00,8.9616,0.4341
40 days 20:40:00,15.1534,0.302
40 days 20:50:00,9.8847,0.5841
40 days 21:00:00,7.7981,0.5566
40 days 21:10:00,7.3908,0.6291
40 days 21:20:00,9.663,0.8401
40 days 21:30:00,11.618,0.8408
40 days 21:40:00,10.7315,0.7702
40 days 21:50:00,19.5861,1.4555
40 days 22:00:00,16.5424,1.0327
40 days 22:10:00,15.0155,0.9659
40 days 22:20:00,17.2273,1.3089
40 days 22:30:00,13.4907,1.1348
40 days 22:40:00,12.7559,0.7967
40 days 22:50:00,6.0838,0.7603
40 days 23:00:00,7.7065,0.6709
40 days 23:10:00,7.7206,0.541
40 days 23:20:00,6.3095,0.2876
40 days 23:30:00,12.0239,1.0068
40 days 23:40:00,10.2866,0.9689
40 days 23:50:00,7.7185,0.4902
41 days 00:00:00,9.2966,0.6885
41 days 00:10:00,8.3526,0.2236
41 days 00:20:00,5.9511,0.3755
41 days 00:30:00,12.4145,0.6891
41 days 00:40:00,10.7878,0.4842
41 days 00:50:00,12.8487,0.5069
41 days 01:00:00,9.3262,0.5345
41 days 01:10:00,15.1055,0.8256
41 days 01:20:00,8.6659,0.5021
41 days 01:30:00,8.3916,0.3721
41 days 01:40:00,12.0822,0.3719
41 days 01:50:00,7.3848,0.1814
41 days 02:00:00,11.9029,0.4452
41 days 02:10:00,17.187,1.2572
41 days 02:20:00,8.7747,0.6085
41 days 02:30:00,13.9469,1.031
41 days 02:40:00,5.3191,0.4118
41 days 02:50:00,8.6546,0.4066
41 days 03:00:00,8.1175,0.689
41 days 03:10:00,18.5109,1.2849
41 days 03:20:00,8.0618,0.3495
41 days 03:30:00,8.3136,0.5326
41 days 03:40:00,6.7945,0.1783
41 days 03:50:00,12.0715,0.8163
41 days 04:00:00,8.3675,0.5097
41 days 04:10:00,9.9503,0.9939
41 days 04:20:00,13.5019,0.4803
41 days 04:30:00,7.3863,0.362
41 days 04:40:00,3.2017,0.383
41 days 04:50:00,3.2386,0.1982
41 days 05:00:00,6.1069,0.457
41 days 05:10:00,14.7052,1.0691
41 days 05:20:00,7.9409,0.7218
41 days 05:30:00,4.25,0.402
41 days 05:40:00,15.9718,1.0194
41 days 05:50:00,17.5506,1.4202
41 days 06:00:00,4.506,0.2837
41 days 06:10:00,6.0402,0.4459
41 days 06:20:00,17.9439,1.209
41 days 06:30:00,13.2611,0.6889
41 days 06:40:00,4.3059,0.5359
41 days 06:50:00,10.5475,0.4116
41 days 07:00:00,7.9574,0.4952
41 days 07:10:00,3.9415,0.4002
41 days 07:20:00,5.9165,0.4826
41 days 07:30:00,7.3917,0.5627
41 days 07:40:00,14.336,0.6674
41 days 07:50:00,11.9886,0.3686
41 days 08:00:00,9.5011,0.6085
41 days 08:10:00,5.0596,0.407
41 days 08:20:00,5.254,0.4415
41 days 08:30:00,16.0049,1.0045
41 days 08:40:00,11.1518,0.7692
41 days 08:50:00,15.7457,1.5492
41 days 09:00:00,15.1968,0.6246
41 days 09:10:00,8.0214,0.8405
41 days 09:20:00,3.9553,0.1719
41 days 09:30:00,15.9051,0.3793
41 days 09:40:00,11.9353,0.576
41 days 09:50:00,13.3652,0.8741
41 days 10:00:00,6.6616,0.6241
41 days 10:10:00,11.0039,0.6369
41 days 10:20:00,5.3758,0.3202
41 days 10:30:00,12.2428,0.2281
41 days 10:40:00,8.7484,0.4879
41 days 10:50:00,10.0375,0.828
41 days 11:00:00,7.185,0.5024
41 days 11:10:00,8.5969,0.3408
41 days 11:20:00,6.1364,0.5627
41 days 11:30:00,6.8028,0.3682
41 days 11:40:00,3.9681,0.1803
41 days 11:50:00,13.9706,0.7551
41 days 12:00:00,12.6172,0.7945
41 days 12:10:00,6.9254,0.535
41 days 12:20:00,11.7448,0.786
41 days 12:30:00,4.7976,0.5006
41 days 12:40:00,6.2088,0.0916
41 days 12:50:00,12.9514,1.0704
41 days 13:00:00,16.3062,0.8538
41 days 13:10:00,11.6884,0.2655
41 days 13:20:00,12.1854,0.9951
41 days 13:30:00,4.3804,0.3835
41 days 13:40:00,15.4539,0.8219
41 days 13:50:00,12.8742,0.6677
41 days 14:00:00,7.5659,0.8472
41 days 14:10:00,10.2113,0.5584
41 days 14:20:00,7.4529,0.3716
41 days 14:30:00,14.5677,1.0601
41 days 14:40:00,25.0603,1.8027
41 days 14:50:00,5.2823,0.3297
41 days 15:00:00,6.1663,0.4074
41 days 15:10:00,18.205,0.9618
41 days 15:20:00,4.0086,0.2608
41 days 15:30:00,10.4449,0.5169
41 days 15:40:00,7.3893,0.6871
41 days 15:50:00,10.1197,0.6136
41 days 16:00:00,10.0463,0.5308
41 days 16:10:00,4.2102,0.0817
41 days 16:20:00,6.8208,0.4629
41 days 16:30:00,7.5161,0.6031
41 days 16:40:00,20.1581,1.537
41 days 16:50:00,18.991,1.5899
41 days 17:00:00,6.7931,0.5982
41 days 17:10:00,5.7409,0.2399
41 days 17:20:00,9.1912,0.5435
41 days 17:30:00,6.9504,0.4881
41 days 17:40:00,12.6465,0.9403
41 days 17:50:00,2.9071,0.174
41 days 18:00:00,4.8776,0.6159
41 days 18:10:00,16.8866,1.064
41 days 18:20:00,14.9329,0.7517
41 days 18:30:00,11.0662,0.7562
41 days 18:40:00,19.8762,1.1101
41 days 18:50:00,11.4224,0.7719
41 days 19:00:00,12.7729,1.2365
41 days 19:10:00,15.7207,0.8678
41 days 19:20:00,9.0509,0.5814
41 days 19:30:00,15.4063,1.5541
41 days 19:40:00,12.8244,0.6487
41 days 19:50:00,5.6325,0.3546
41 days 20:00:00,9.6426,0.7544
41 days 20:10:00,13.6847,1.2076
41 days 20:20:00,11.3627,0.7861
41 days 20:30:00,7.0623,0.5053
41 days 20:40:00,9.0235,0.5348
41 days 20:50:00,6.8163,0.6902
41 days 21:00:00,7.1211,0.3105
41 days 21:10:00,13.6605,0.8207
41 days 21:20:00,11.0678,0.6258
41 days 21:30:00,10.5193,0.7834
41 days 21:40:00,14.1577,0.5076
41 days 21:50:00,16.934,1.5961
41 days 22:00:00,8.4359,0.8444
41 days 22:10:00,14.0186,0.577
41 days 22:20:00,18.4907,0.8978
41 days 22:30:00,7.9521,1.2777
41 days 22:40:00,9.708,0.7051
41 days 22:50:00,13.804,1.469
41 days 23:00:00,12.2997,0.8322
41 days 23:10:00,11.3063,0.7806
41 days 23:20:00,10.4275,0.4374
41 days 23:30:00,15.1747,0.505
41 days 23:40:00,13.937,0.7728
41 days 23:50:00,15.9892,0.9842
42 days 00:00:00,8.8825,0.4554
42 days 00:10:00,8.5469,0.5373
42 days 00:20:00,6.1906,0.3876
42 days 00:30:00,3.7153,0.3902
42 days 00:40:00,6.4288,0.3209
42 days 00:50:00,4.0115,0.2286
42 days 01:00:00,11.2941,0.8113
42 days 01:10:00,7.3703,0.5731
42 days 01:20:00,8.8662,0.6271
42 days 01:30:00,9.8294,0.1944
42 days 01:40:00,10.6583,0.7966
42 days 01:50:00,11.8941,0.6819
42 days 02:00:00,5.8545,0.5317
42 days 02:10:00,13.9135,1.0234
42 days 02:20:00,10.358,0.7585
42 days 02:30:00,12.0102,0.6501
42 days 02:40:00,9.5909,0.3189
42 days 02:50:00,4.4197,0.1203
42 days 03:00:00,11.3649,1.6739
42 days 03:10:00,16.0801,1.065
42 days 03:20:00,10.9446,0.6844
42 days 03:30:00,8.1793,0.3372
42 days 03:40:00,9.9852,0.6938
42 days 03:50:00,12.6051,0.4564
42 days 04:00:00,9.5787,0.3787
42 days 04:10:00,5.2885,0.4909
42 days 04:20:00,5.7276,0.1793
42 days 04:30:00,8.0825,0.4234
42 days 04:40:00,19.715,2.3056
42 days 04:50:00,18.0105,1.7445
42 days 05:00:00,12.2662,0.9245
42 days 05:10:00,8.5698,0.5247
42 days 05:20:00,10.7553,0.3191
42 days 05:30:00,8.2868,0.3628
42 days 05:40:00,7.0624,0.3371
42 days 05:50:00,9.2155,0.4156
42 days 06:00:00,5.3881,0.6824
42 days 06:10:00,18.3496,0.7852
42 days 06:20:00,6.7329,0.5461
42 days 06:30:00,5.1718,0.4316
42 days 06:40:00,7.6616,0.5044
42 days 06:50:00,17.8437,1.4497
42 days 07:00:00,14.8189,0.8568
42 days 07:10:00,5.267,0.5419
42 days 07:20:00,8.5706,0.3345
42 days 07:30:00,8.896,0.4821
42 days 07:40:00,8.963,0.2949
42 days 07:50:00,6.424,0.3746
42 days 08:00:00,10.0134,0.5993
42 days 08:10:00,8.4961,0.2627
42 days 08:20:00,11.6807,0.5257
42 days 08:30:00,13.831,0.8278
42 days 08:40:00,14.4149,0.8027
42 days 08:50:00,11.5794,0.6567
42 days 09:00:00,13.7497,1.0801
42 days 09:10:00,7.8339,0.6274
42 days 09:20:00,15.3339,0.4187
42 days 09:30:00,9.8843,0.647
42 days 09:40:00,21.8351,1.2756
42 days 09:50:00,9.1687,0.5153
42 days 10:00:00,18.5517,0.8042
42 days 10:10:00,13.3589,0.6431
42 days 10:20:00,9.6997,0.7664
42 days 10:30:00,11.2078,0.5981
42 days 10:40:00,6.5294,0.6045
42 days 10:50:00,13.2211,0.4428
42 days 11:00:00,14.0033,0.6694
42 days 11:10:00,10.89,0.6238
42 days 11:20:00,10.297,0.7031
42 days 11:30:00,11.1093,0.6147
42 days 11:40:00,10.7836,1.06
42 days 11:50:00,14.5844,1.1101
42 days 12:00:00,27.0354,2.1254
42 days 12:10:00,19.6068,1.1808
42 days 12:20:00,11.5272,0.5994
42 days 12:30:00,12.4936,0.6974
42 days 12:40:00,15.0209,0.678
42 days 12:50:00,24.2106,1.5057
42 days 13:00:00,11.2642,0.7436
42 days 13:10:00,4.5499,0.382
42 days 13:20:00,14.4586,2.3802
42 days 13:30:00,6.4672,0.5176
42 days 13:40:00,3.2941,0.3548
42 days 13:50:00,11.9604,0.8255
42 days 14:00:00,14.3193,1.1871
42 days 14:10:00,16.687,1.2496
42 days 14:20:00,9.1056,0.6471
42 days 14:30:00,7.3265,0.8136
42 days 14:40:00,10.7283,0.4609
42 days 14:50:00,15.0445,0.9513
42 days 15:00:00,6.5953,0.3332
42 days 15:10:00,14.726,1.1165
42 days 15:20:00,7.4009,0.832
42 days 15:30:00,15.0666,1.2028
42 days 15:40:00,3.8771,0.5682
42 days 15:50:00,5.2552,0.5891
42 days 16:00:00,8.4344,0.4529
42 days 16:10:00,4.1874,0.547
42 days 16:20:00,14.345,0.9368
42 days 16:30:00,16.3709,0.8276
42 days 16:40:00,5.2271,0.2738
42 days 16:50:00,10.4272,0.6673
42 days 17:00:00,10.2538,0.205
42 days 17:10:00,12.3735,0.7358
42 days 17:20:00,15.1747,0.981
42 days 17:30:00,10.9146,0.3438
42 days 17:40:00,16.8411,1.181
42 days 17:50:00,5.9997,0.1582
42 days 18:00:00,8.0005,0.4745
42 days 18:10:00,21.4838,0.9627
42 days 18:20:00,13.4983,1.174
42 days 18:30:00,5.7357,0.4957
42 days 18:40:00,15.2545,0.7799
42 days 18:50:00,8.9354,0.7915
42 days 19:00:00,14.6318,1.0443
42 days 19:10:00,15.2947,0.7192
42 days 19:20:00,11.3204,0.6326
42 days 19:30:00,9.3747,0.4261
42 days 19:40:00,14.1088,0.7585
42 days 19:50:00,6.8903,0.4941
42 days 20:00:00,10.3678,0.3597
42 days 20:10:00,9.3905,0.5941
42 days 20:20:00,6.6473,0.499
42 days 20:30:00,13.62,1.0756
42 days 20:40:00,6.2991,0.532
42 days 20:50:00,5.6046,0.1388
42 days 21:00:00,8.0287,0.7073
42 days 21:10:00,10.9382,0.9876
42 days 21:20:00,6.775,0.5698
42 days 21:30:00,7.2414,0.6277
42 days 21:40:00,8.6238,0.3522
42 days 21:50:00,13.5652,0.3665
42 days 22:00:00,11.0816,0.5627
42 days 22:10:00,6.208,0.4296
42 days 22:20:00,5.1933,0.5518
42 days 22:30:00,12.1988,0.5054
42 days 22:40:00,9.6257,0.5369
42 days 22:50:00,14.4485,0.8765
42 days 23:00:00,9.758,0.6709
42 days 23:10:00,5.168,0.558
42 days 23:20:00,7.3354,0.3751
42 days 23:30:00,14.134,1.3431
42 days 23:40:00,7.4173,0.635
42 days 23:50:00,16.1446,0.271
43 days 00:00:00,9.1174,0.8002
43 days 00:10:00,6.2801,0.5527
43 days 00:20:00,9.5935,0.5579
43 days 00:30:00,8.2582,0.9672
43 days 00:40:00,13.2312,0.567
43 days 00:50:00,14.3896,1.2481
43 days 01:00:00,7.2417,0.4419
43 days 01:10:00,6.5243,0.2533
43 days 01:20:00,6.2353,0.4976
43 days 01:30:00,15.8409,1.1189
43 days 01:40:00,7.6205,1.0562
43 days 01:50:00,4.1052,0.3294
43 days 02:00:00,8.444,0.609
43 days 02:10:00,7.0969,0.5737
43 days 02:20:00,12.2958,0.4391
43 days 02:30:00,9.8296,0.4917
43 days 02:40:00,10.3318,0.5841
43 days 02:50:00,8.523,0.3854
43 days 03:00:00,7.9319,0.475
43 days 03:10:00,8.3806,0.4972
43 days 03:20:00,16.3611,1.452
43 days 03:30:00,25.5749,1.5424
43 days 03:40:00,11.3655,0.4515
43 days 03:50:00,5.4768,0.6564
43 days 04:00:00,9.845,0.1751
43 days 04:10:00,12.0874,0.713
43 days 04:20:00,8.808,0.4055
43 days 04:30:00,2.6944,0.2497
43 days 04:40:00,12.3337,0.5389
43 days 04:50:00,16.7138,0.831
43 days 05:00:00,8.5129,0.7177
43 days 05:10:00,4.6355,0.3856
43 days 05:20:00,7.0755,0.4092
43 days 05:30:00,16.1963,0.8594
43 days 05:40:00,2.633,0.2276
43 days 05:50:00,3.3108,0.3725
43 days 06:00:00,8.2089,0.5476
43 days 06:10:00,17.1845,1.6379
43 days 06:20:00,9.9868,0.571
43 days 06:30:00,10.0154,0.8361
43 days 06:40:00,5.6444,0.3094
43 days 06:50:00,8.1018,0.3765
43 days 07:00:00,5.4637,0.4123
43 days 07:10:00,9.404,0.5412
43 days 07:20:00,13.4241,1.3206
43 days 07:30:00,11.6634,0.8071
43 days 07:40:00,14.6931,0.7625
43 days 07:50:00,10.7924,0.9659
43 days 08:00:00,13.0833,0.602
43 days 08:10:00,5.0806,0.271
43 days 08:20:00,12.6242,1.1117
43 days 08:30:00,14.4977,0.636
43 days 08:40:00,11.3175,0.8454
43 days 08:50:00,22.3001,1.262
43 days 09:00:00,14.4566,1.324
43 days 09:10:00,11.0952,0.7525
43 days 09:20:00,9.2491,0.4482
43 days 09:30:00,10.6764,0.4939
43 days 09:40:00,9.8125,0.4781
43 days 09:50:00,7.5734,0.3986
43 days 10:00:00,8.0501,0.5232
43 days 10:10:00,9.8521,1.0366
43 days 10:20:00,5.8047,0.5115
43 days 10:30:00,10.403,0.8059
43 days 10:40:00,18.782,1.542
43 days 10:50:00,4.7491,0.1253
43 days 11:00:00,12.15,0.3273
43 days 11:10:00,12.6466,0.8138
43 days 11:20:00,5.8608,0.3068
43 days 11:30:00,12.5958,1.0675
43 days 11:40:00,4.4449,0.361
43 days 11:50:00,3.6119,0.2587
43 days 12:00:00,5.2083,0.4751
43 days 12:10:00,8.1254,0.6525
43 days 12:20:00,17.7233,0.8888
43 days 12:30:00,5.3866,0.3635
43 days 12:40:00,10.2282,0.9335
43 days 12:50:00,16.2735,0.4475
43 days 13:00:00,9.2833,0.4052
43 days 13:10:00,9.7239,0.8299
43 days 13:20:00,16.9585,1.1053
43 days 13:30:00,10.3108,0.5697
43 days 13:40:00,16.1022,0.9436
43 days 13:50:00,12.203,0.8996
43 days 14:00:00,4.3063,0.4205
43 days 14:10:00,5.231,0.3856
43 days 14:20:00,14.7863,0.6063
43 days 14:30:00,10.1619,0.3619
43 days 14:40:00,18.1198,1.5628
43 days 14:50:00,11.4294,0.8297
43 days 15:00:00,21.4702,1.2204
43 days 15:10:00,8.7552,0.5409
43 days 15:20:00,10.5244,0.6997
43 days 15:30:00,15.4469,0.6228
43 days 15:40:00,4.1821,0.5102
43 days 15:50:00,8.343,0.6347
43 days 16:00:00,5.7129,0.3352
43 days 16:10:00,7.342,0.7307
43 days 16:20:00,9.1893,0.4786
43 days 16:30:00,10.6412,0.8573
43 days 16:40:00,15.6147,0.4705
43 days 16:50:00,12.351,0.5407
43 days 17:00:00,5.9723,0.6346
43 days 17:10:00,11.7485,0.4805
43 days 17:20:00,7.9394,0.3464
43 days 17:30:00,13.7835,0.9975
43 days 17:40:00,12.9063,0.6303
43 days 17:50:00,9.2638,0.589
43 days 18:00:00,12.8201,0.5695
43 days 18:10:00,4.7804,0.2704
43 days 18:20:00,11.6172,0.7926
43 days 18:30:00,10.3536,0.7239
43 days 18:40:00,5.6678,0.6804
43 days 18:50:00,7.4375,0.7312
43 days 19:00:00,4.5023,0.1901
43 days 19:10:00,13.2825,0.9601
43 days 19:20:00,9.8849,0.6083
43 days 19:30:00,9.1073,0.559
43 days 19:40:00,8.8754,1.1903
43 days 19:50:00,15.5792,0.7054
43 days 20:00:00,16.5268,0.3986
43 days 20:10:00,16.3409,0.8597
43 days 20:20:00,8.3075,0.3856
43 days 20:30:00,5.4993,0.3331
43 days 20:40:00,3.5108,0.2743
43 days 20:50:00,11.3475,0.4491
43 days 21:00:00,13.0791,0.9442
43 days 21:10:00,16.0936,0.9712
43 days 21:20:00,8.3582,0.5743
43 days 21:30:00,7.6044,0.2267
43 days 21:40:00,11.7599,1.7641
43 days 21:50:00,3.4222,0.2867
43 days 22:00:00,9.4737,0.569
43 days 22:10:00,11.5956,0.5109
43 days 22:20:00,9.6945,0.4401
43 days 22:30:00,12.2114,0.5365
43 days 22:40:00,6.0526,0.5953
43 days 22:50:00,11.8245,0.1869
43 days 23:00:00,10.9146,0.4977
43 days 23:10:00,12.1307,0.3358
43 days 23:20:00,7.7487,0.2447
43 days 23:30:00,5.0217,0.4259
43 days 23:40:00,12.4051,0.8727
43 days 23:50:00,10.439,0.9598
44 days 00:00:00,13.7713,0.7513
44 days 00:10:00,6.6718,0.6151
44 days 00:20:00,12.2512,0.7398
44 days 00:30:00,2.7667,0.1817
44 days 00:40:00,18.4208,1.3809
44 days 00:50:00,15.104,0.9185
44 days 01:00:00,5.2682,0.6164
44 days 01:10:00,8.884,0.7183
44 days 01:20:00,7.0352,0.395
44 days 01:30:00,10.5685,0.4962
44 days 01:40:00,4.5267,0.731
44 days 01:50:00,8.8719,0.4653
44 days 02:00:00,4.9104,0.1689
44 days 02:10:00,13.6768,0.867
44 days 02:20:00,13.2783,0.5727
44 days 02:30:00,17.591,0.8851
44 days 02:40:00,11.5242,0.5312
44 days 02:50:00,7.7139,0.5706
44 days 03:00:00,4.6655,0.3999
44 days 03:10:00,8.5565,0.8629
44 days 03:20:00,18.3728,2.173
44 days 03:30:00,13.6292,1.0848
44 days 03:40:00,22.1827,1.5734
44 days 03:50:00,12.0286,0.2396
44 days 04:00:00,6.0899,0.6066
44 days 04:10:00,12.9605,0.9126
44 days 04:20:00,4.9672,0.4732
44 days 04:30:00,14.606,1.3736
44 days 04:40:00,8.0762,0.2788
44 days 04:50:00,13.7022,1.2633
44 days 05:00:00,12.3585,0.6086
44 days 05:10:00,7.0911,0.2914
44 days 05:20:00,9.7159,0.4051
44 days 05:30:00,11.3434,0.6265
44 days 05:40:00,14.4457,0.8681
44 days 05:50:00,12.1219,0.8449
44 days 06:00:00,8.2323,0.4569
44 days 06:10:00,11.3103,0.3388
44 days 06:20:00,6.3782,0.6652
44 days 06:30:00,4.0736,0.6235
44 days 06:40:00,12.112,0.6318
44 days 06:50:00,5.2397,0.4701
44 days 07:00:00,3.0898,0.2828
44 days 07:10:00,6.11,0.644
44 days 07:20:00,5.1808,0.566
44 days 07:30:00,15.2782,1.1858
44 days 07:40:00,15.2586,0.8403
44 days 07:50:00,17.9209,0.9821
44 days 08:00:00,5.8268,0.1029
44 days 08:10:00,11.38,0.7441
44 days 08:20:00,15.1856,1.0826
44 days 08:30:00,22.0935,2.0225
44 days 08:40:00,10.3499,0.5505
44 days 08:50:00,12.2919,0.9012
44 days 09:00:00,4.6337,0.5003
44 days 09:10:00,4.7149,0.3032
44 days 09:20:00,12.3706,0.6863
44 days 09:30:00,6.7985,0.709
44 days 09:40:00,18.8299,1.3828
44 days 09:50:00,5.9388,0.2229
44 days 10:00:00,6.6385,0.5037
44 days 10:10:00,5.5836,0.4208
44 days 10:20:00,9.0889,0.5323
44 days 10:30:00,13.6815,0.7119
44 days 10:40:00,9.7591,0.5452
44 days 10:50:00,9.5115,0.5037
44 days 11:00:00,5.0904,0.3661
44 days 11:10:00,4.5075,0.4385
44 days 11:20:00,8.1899,0.882
44 days 11:30:00,10.4599,0.8488
44 days 11:40:00,10.5028,0.8441
44 days 11:50:00,6.8712,0.4539
44 days 12:00:00,9.6308,0.4596
44 days 12:10:00,16.4495,0.9341
44 days 12:20:00,8.8203,0.5228
44 days 12:30:00,17.5945,1.492
44 days 12:40:00,4.1837,0.3089
44 days 12:50:00,9.2516,0.318
44 days 13:00:00,13.2657,0.9503
44 days 13:10:00,10.8072,0.6053
44 days 13:20:00,5.7842,0.2092
44 days 13:30:00,6.084,0.5069
44 days 13:40:00,14.2557,0.7115
44 days 13:50:00,7.1563,0.3695
44 days 14:00:00,6.4288,0.2639
44 days 14:10:00,12.3124,0.4746
44 days 14:20:00,4.6741,0.5594
44 days 14:30:00,19.1813,2.0245
44 days 14:40:00,12.832,0.9816
44 days 14:50:00,16.372,1.21
44 days 15:00:00,6.6528,0.3442
44 days 15:10:00,10.4362,0.4379
44 days 15:20:00,24.6448,2.2359
44 days 15:30:00,5.0053,0.4805
44 days 15:40:00,6.283,0.7735
44 days 15:50:00,10.7446,0.4155
44 days 16:00:00,5.5292,0.4117
44 days 16:10:00,6.7712,0.9626
44 days 16:20:00,5.6242,0.4472
44 days 16:30:00,4.7137,0.2423
44 days 16:40:00,16.2077,0.7715
44 days 16:50:00,8.095,0.3749
44 days 17:00:00,3.694,0.3482
44 days 17:10:00,15.0221,1.0049
44 days 17:20:00,13.7134,0.6582
44 days 17:30:00,11.1755,0.6204
44 days 17:40:00,14.6516,0.7973
44 days 17:50:00,5.5092,0.4755
44 days 18:00:00,13.2677,0.4911
44 days 18:10:00,4.0601,0.4856
44 days 18:20:00,7.6891,0.5405
44 days 18:30:00,21.6639,1.7028
44 days 18:40:00,11.931,0.8346
44 days 18:50:00,12.785,0.5833
44 days 19:00:00,7.2061,0.6483
44 days 19:10:00,16.8173,1.504
44 days 19:20:00,10.6857,0.5199
44 days 19:30:00,13.1872,0.63
44 days 19:40:00,12.8619,0.8324
44 days 19:50:00,25.8271,2.2098
44 days 20:00:00,13.3405,1.117
44 days 20:10:00,9.6966,0.8873
44 days 20:20:00,10.6065,0.3304
44 days 20:30:00,10.8066,0.6415
44 days 20:40:00,7.8511,0.5363
44 days 20:50:00,10.9151,0.2107
44 days 21:00:00,9.2597,0.2189
44 days 21:10:00,9.7364,1.0655
44 days 21:20:00,6.7945,0.3208
44 days 21:30:00,11.254,0.7202
44 days 21:40:00,11.983,0.6941
44 days 21:50:00,6.8757,0.4446
44 days 22:00:00,11.9061,0.6111
44 days 22:10:00,7.3822,0.6388
44 days 22:20:00,12.5723,0.5795
44 days 22:30:00,9.0722,0.695
44 days 22:40:00,17.0771,0.9962
44 days 22:50:00,4.0979,0.585
44 days 23:00:00,11.6586,0.3511
44 days 23:10:00,16.516,1.288
44 days 23:20:00,16.9542,1.1081
44 days 23:30:00,5.001,0.491
44 days 23:40:00,4.6026,0.4201
44 days 23:50:00,4.159,0.5057
45 days 00:00:00,13.3904,0.7554
45 days 00:10:00,13.7088,0.8166
45 days 00:20:00,3.8812,0.1113
45 days 00:30:00,11.21,0.7223
45 days 00:40:00,21.1258,1.2191
45 days 00:50:00,12.3158,0.2589
45 days 01:00:00,10.3421,0.6609
45 days 01:10:00,11.5577,0.7059
45 days 01:20:00,10.4518,0.6834
45 days 01:30:00,11.4549,0.6356
45 days 01:40:00,9.5694,0.5588
45 days 01:50:00,6.676,0.5971
45 days 02:00:00,13.964,0.8633
45 days 02:10:00,11.3324,0.2731
45 days 02:20:00,9.7128,0.778
45 days 02:30:00,6.7874,0.1707
45 days 02:40:00,14.9013,0.4287
45 days 02:50:00,5.394,0.278
45 days 03:00:00,16.2944,1.3267
45 days 03:10:00,15.0526,1.3959
45 days 03:20:00,13.7418,0.8449
45 days 03:30:00,13.4273,0.9748
45 days 03:40:00,13.6354,0.2889
45 days 03:50:00,3.7897,0.657
45 days 04:00:00,14.5619,1.08
45 days 04:10:00,9.502,0.5691
45 days 04:20:00,13.7145,0.6459
45 days 04:30:00,9.3866,0.5235
45 days 04:40:00,14.0385,1.0805
45 days 04:50:00,23.3459,1.4718
45 days 05:00:00,6.4503,0.4373
45 days 05:10:00,15.6989,1.3958
45 days 05:20:00,8.6379,0.5079
45 days 05:30:00,11.2657,0.69
45 days 05:40:00,14.0687,1.2718
45 days 05:50:00,13.6781,0.5505
45 days 06:00:00,12.7639,0.7622
45 days 06:10:00,7.6253,0.3941
45 days 06:20:00,22.2781,1.2193
45 days 06:30:00,5.5412,0.383
45 days 06:40:00,11.0506,0.7083
45 days 06:50:00,10.3957,0.655
45 days 07:00:00,6.4867,0.6405
45 days 07:10:00,13.4314,1.0318
45 days 07:20:00,7.0585,0.4811
45 days 07:30:00,10.8563,0.6409
45 days 07:40:00,4.3389,0.1606
45 days 07:50:00,6.8048,0.5653
45 days 08:00:00,6.8078,0.3268
45 days 08:10:00,7.1907,0.5453
45 days 08:20:00,11.2559,0.4216
45 days 08:30:00,10.776,0.442
45 days 08:40:00,15.6004,0.7897
45 days 08:50:00,3.9654,0.2641
45 days 09:00:00,3.8151,0.3955
45 days 09:10:00,8.7086,0.518
45 days 09:20:00,15.9515,0.6206
45 days 09:30:00,15.9746,0.8397
45 days 09:40:00,10.9478,0.6835
45 days 09:50:00,12.7932,0.6306
45 days 10:00:00,8.2873,0.5728
45 days 10:10:00,5.2353,0.5142
45 days 10:20:00,17.6801,0.8119
45 days 10:30:00,17.0582,0.7556
45 days 10:40:00,8.2241,0.7249
45 days 10:50:00,9.5083,0.6114
45 days 11:00:00,7.8939,0.1256
45 days 11:10:00,18.7759,1.2233
45 days 11:20:00,11.0813,0.8099
45 days 11:30:00,11.4504,0.632
45 days 11:40:00,6.9308,0.6621
45 days 11:50:00,15.379,0.4964
45 days 12:00:00,12.726,0.6693
45 days 12:10:00,11.1347,0.4859
45 days 12:20:00,16.7602,0.8479
45 days 12:30:00,6.9686,0.6112
45 days 12:40:00,15.2469,0.9087
45 days 12:50:00,15.7827,1.2365
45 days 13:00:00,4.2697,0.551
45 days 13:10:00,7.295,0.6335
45 days 13:20:00,9.1628,0.5869
45 days 13:30:00,13.4409,0.9743
45 days 13:40:00,14.0127,0.7446
45 days 13:50:00,14.1739,0.446
45 days 14:00:00,23.9156,1.7311
45 days 14:10:00,10.6102,0.7284
45 days 14:20:00,19.5062,1.2806
45 days 14:30:00,6.2547,0.5788
45 days 14:40:00,6.4902,0.5291
45 days 14:50:00,7.4258,0.385
45 days 15:00:00,12.3582,0.7362
45 days 15:10:00,9.4015,0.905
45 days 15:20:00,15.6198,0.8343
45 days 15:30:00,8.9171,0.1469
45 days 15:40:00,11.7696,0.4191
45 days 15:50:00,8.7438,0.337
45 days 16:00:00,4.5507,0.1649
45 days 16:10:00,7.6738,0.7053
45 days 16:20:00,3.5198,0.4621
45 days 16:30:00,20.1702,1.1987
45 days 16:40:00,13.0816,0.8427
45 days 16:50:00,11.1313,0.5308
45 days 17:00:00,13.1728,0.4548
45 days 17:10:00,19.2099,1.3875
45 days 17:20:00,10.5295,0.1799
45 days 17:30:00,18.94,1.4304
45 days 17:40:00,9.4044,0.4984
45 days 17:50:00,13.5208,0.9273
45 days 18:00:00,8.9041,0.2629
45 days 18:10:00,13.1675,1.0166
45 days 18:20:00,9.9297,0.7482
45 days 18:30:00,12.6403,0.8969
45 days 18:40:00,8.6485,0.3979
45 days 18:50:00,14.785,0.9134
45 days 19:00:00,8.4305,0.5826
45 days 19:10:00,19.5104,1.3976
45 days 19:20:00,6.084,0.9734
45 days 19:30:00,12.4614,0.9125
45 days 19:40:00,8.8744,0.4718
45 days 19:50:00,6.3913,0.1358
45 days 20:00:00,12.2947,0.4814
45 days 20:10:00,5.4317,0.5884
45 days 20:20:00,11.7234,0.5403
45 days 20:30:00,16.9163,1.1858
45 days 20:40:00,10.7064,0.6037
45 days 20:50:00,10.9232,0.6365
45 days 21:00:00,18.67,1.4897
45 days 21:10:00,12.0347,0.3899
45 days 21:20:00,10.6427,0.6082
45 days 21:30:00,13.1803,0.3136
45 days 21:40:00,12.4608,0.635
45 days 21:50:00,17.7066,0.8822
45 days 22:00:00,8.223,0.2292
45 days 22:10:00,6.3476,0.6022
45 days 22:20:00,15.3154,1.5158
45 days 22:30:00,23.0878,3.2211
45 days 22:40:00,12.574,0.8208
45 days 22:50:00,15.3118,0.2873
45 days 23:00:00,4.3402,0.8893
45 days 23:10:00,11.3082,0.6965
45 days 23:20:00,8.3887,0.4343
45 days 23:30:00,14.1559,0.9889
45 days 23:40:00,13.6313,0.8473
45 days 23:50:00,14.5811,0.8029
46 days 00:00:00,10.4106,0.438
46 days 00:10:00,12.0041,0.684
46 days 00:20:00,6.0147,0.2479
46 days 00:30:00,15.0024,0.6099
46 days 00:40:00,7.5398,0.3044
46 days 00:50:00,11.5066,0.803
46 days 01:00:00,10.5007,0.6222
46 days 01:10:00,11.2732,0.7619
46 days 01:20:00,11.1421,0.577
46 days 01:30:00,7.2739,0.1508
46 days 01:40:00,6.962,0.5805
46 days 01:50:00,7.916,0.5222
46 days 02:00:00,3.5232,0.2679
46 days 02:10:00,5.1591,0.4731
46 days 02:20:00,12.7026,0.7995
46 days 02:30:00,19.7929,1.6972
46 days 02:40:00,17.5662,0.8622
46 days 02:50:00,12.2471,0.4948
46 days 03:00:00,7.7232,0.4603
46 days 03:10:00,8.2544,0.4224
46 days 03:20:00,13.3299,1.6631
46 days 03:30:00,8.9417,0.605
46 days 03:40:00,13.5415,0.4867
46 days 03:50:00,17.0874,1.0925
46 days 04:00:00,7.1449,0.3969
46 days 04:10:00,7.0018,0.0929
46 days 04:20:00,15.5815,1.4953
46 days 04:30:00,3.8373,0.4415
46 days 04:40:00,14.2054,0.8364
46 days 04:50:00,10.5479,0.6885
46 days 05:00:00,16.523,0.9393
46 days 05:10:00,13.7143,1.3736
46 days 05:20:00,7.592,0.5847
46 days 05:30:00,3.861,0.1755
46 days 05:40:00,18.3482,1.3387
46 days 05:50:00,8.6896,0.7537
46 days 06:00:00,5.9636,0.5662
46 days 06:10:00,13.914,0.7058
46 days 06:20:00,7.6213,0.6926
46 days 06:30:00,6.9548,0.3991
46 days 06:40:00,10.0435,1.8267
46 days 06:50:00,11.2331,0.6268
46 days 07:00:00,4.5396,0.6366
46 days 07:10:00,17.047,1.129
46 days 07:20:00,12.3794,0.7836
46 days 07:30:00,13.2973,0.8185
46 days 07:40:00,4.5152,0.6059
46 days 07:50:00,19.3093,1.0269
46 days 08:00:00,12.4115,0.764
46 days 08:10:00,6.8988,0.9322
46 days 08:20:00,14.8371,0.9865
46 days 08:30:00,4.1163,0.3265
46 days 08:40:00,14.9613,0.982
46 days 08:50:00,3.8324,0.2605
46 days 09:00:00,11.3785,0.431
46 days 09:10:00,7.7194,0.5248
46 days 09:20:00,4.1706,0.1608
46 days 09:30:00,12.91,0.5832
46 days 09:40:00,4.7994,0.4911
46 days 09:50:00,9.7086,0.4835
46 days 10:00:00,6.1813,0.7795
46 days 10:10:00,9.7651,0.5482
46 days 10:20:00,17.5859,1.1336
46 days 10:30:00,12.8137,0.6972
46 days 10:40:00,31.0319,2.5533
46 days 10:50:00,12.8155,2.8966
46 days 11:00:00,16.753,1.3854
46 days 11:10:00,11.8341,0.5093
46 days 11:20:00,3.2621,0.0825
46 days 11:30:00,11.712,0.8661
46 days 11:40:00,11.4414,0.5019
46 days 11:50:00,7.0617,0.3799
46 days 12:00:00,6.3413,0.4891
46 days 12:10:00,10.5438,0.5617
46 days 12:20:00,13.6357,0.5745
46 days 12:30:00,12.6303,0.9425
46 days 12:40:00,10.8316,0.6658
46 days 12:50:00,19.0501,1.1075
46 days 13:00:00,6.3694,0.6577
46 days 13:10:00,9.8876,0.4651
46 days 13:20:00,10.0173,0.8559
46 days 13:30:00,18.0998,1.1181
46 days 13:40:00,13.2542,0.5811
46 days 13:50:00,14.0048,0.5013
46 days 14:00:00,13.7865,1.2432
46 days 14:10:00,8.7426,0.4895
46 days 14:20:00,15.4567,0.8
46 days 14:30:00,3.2086,0.1131
46 days 14:40:00,6.2881,0.4828
46 days 14:50:00,4.3644,0.5252
46 days 15:00:00,6.3303,0.5334
46 days 15:10:00,10.1927,0.6135
46 days 15:20:00,5.9355,0.4893
46 days 15:30:00,14.1884,1.0707
46 days 15:40:00,4.3656,0.5454
46 days 15:50:00,7.7883,0.4569
46 days 16:00:00,8.5523,0.927
46 days 16:10:00,16.1041,0.8623
46 days 16:20:00,8.2251,0.5287
46 days 16:30:00,14.2439,0.6028
46 days 16:40:00,8.9664,0.429
46 days 16:50:00,7.365,0.6945
46 days 17:00:00,5.6384,0.602
46 days 17:10:00,5.3887,0.357
46 days 17:20:00,9.2266,0.4348
46 days 17:30:00,10.702,0.337
46 days 17:40:00,9.5128,0.1521
46 days 17:50:00,14.0482,0.3069
46 days 18:00:00,13.5694,0.7685
46 days 18:10:00,13.4524,0.7118
46 days 18:20:00,15.4648,1.1177
46 days 18:30:00,5.9208,0.3597
46 days 18:40:00,9.9232,0.6324
46 days 18:50:00,9.8706,0.2578
46 days 19:00:00,10.5646,0.9602
46 days 19:10:00,5.1415,0.4411
46 days 19:20:00,4.456,0.3585
46 days 19:30:00,8.5003,0.5221
46 days 19:40:00,4.4848,0.5406
46 days 19:50:00,7.8622,0.4317
46 days 20:00:00,6.8012,0.7626
46 days 20:10:00,9.6864,0.6431
46 days 20:20:00,10.9961,0.3508
46 days 20:30:00,12.8896,0.978
46 days 20:40:00,9.9861,0.6459
46 days 20:50:00,10.9267,0.1874
46 days 21:00:00,17.6961,0.4419
46 days 21:10:00,24.1829,2.0212
46 days 21:20:00,13.5977,0.6415
46 days 21:30:00,9.9554,0.7114
46 days 21:40:00,5.2682,0.6164
46 days 21:50:00,5.544,0.4309
46 days 22:00:00,9.8922,0.5282
46 days 22:10:00,4.3178,0.5558
46 days 22:20:00,13.7577,1.0956
46 days 22:30:00,6.1212,0.5812
46 days 22:40:00,20.5084,1.2069
46 days 22:50:00,4.2126,0.7185
46 days 23:00:00,13.5555,0.7422
46 days 23:10:00,7.5117,0.3968
46 days 23:20:00,13.8356,1.1136
46 days 23:30:00,4.0305,0.3061
46 days 23:40:00,8.4188,0.772
46 days 23:50:00,7.238,0.4561
47 days 00:00:00,11.7604,0.9582
47 days 00:10:00,17.6371,3.8315
47 days 00:20:00,15.0324,1.2331
47 days 00:30:00,15.8205,1.9203
47 days 00:40:00,4.536,0.2472
47 days 00:50:00,7.3927,1.0624
47 days 01:00:00,6.1469,0.3486
47 days 01:10:00,13.2709,0.983
47 days 01:20:00,9.0588,0.2637
47 days 01:30:00,10.4844,0.4044
47 days 01:40:00,10.9532,0.6003
47 days 01:50:00,6.5236,0.3536
47 days 02:00:00,8.3343,0.7134
47 days 02:10:00,6.1016,0.2774
47 days 02:20:00,9.1636,1.3232
47 days 02:30:00,26.2228,1.9394
47 days 02:40:00,11.3106,0.379
47 days 02:50:00,11.9989,0.7791
47 days 03:00:00,7.0939,0.2749
47 days 03:10:00,17.2556,1.1864
47 days 03:20:00,12.2369,0.5876
47 days 03:30:00,17.8314,1.3969
47 days 03:40:00,5.5303,0.8584
47 days 03:50:00,13.9215,0.4629
47 days 04:00:00,5.4595,0.4469
47 days 04:10:00,4.3649,0.4038
47 days 04:20:00,15.1951,0.4345
47 days 04:30:00,6.6187,0.5989
47 days 04:40:00,5.9787,0.6307
47 days 04:50:00,18.2771,1.26
47 days 05:00:00,7.1521,0.3655
47 days 05:10:00,11.0344,0.5348
47 days 05:20:00,6.0046,0.5473
47 days 05:30:00,16.2108,0.795
47 days 05:40:00,9.0987,0.5194
47 days 05:50:00,3.2991,0.0783
47 days 06:00:00,8.4289,0.787
47 days 06:10:00,11.0535,0.4498
47 days 06:20:00,11.409,0.446
47 days 06:30:00,13.4768,0.8035
47 days 06:40:00,9.401,0.4816
47 days 06:50:00,14.4935,1.0893
47 days 07:00:00,10.4488,0.212
47 days 07:10:00,11.6909,1.3703
47 days 07:20:00,11.8107,0.605
47 days 07:30:00,15.6148,0.8121
47 days 07:40:00,10.4073,0.5766
47 days 07:50:00,11.8441,0.7129
47 days 08:00:00,9.8212,0.5346
47 days 08:10:00,8.9678,0.5358
47 days 08:20:00,16.9279,0.402
47 days 08:30:00,7.3843,0.636
47 days 08:40:00,11.3255,0.6582
47 days 08:50:00,9.9356,0.6338
47 days 09:00:00,13.2142,0.9867
47 days 09:10:00,5.3539,0.5956
47 days 09:20:00,3.7514,0.6936
47 days 09:30:00,6.7532,0.3414
47 days 09:40:00,15.603,1.0217
47 days 09:50:00,8.2617,0.7332
47 days 10:00:00,9.9119,0.7469
47 days 10:10:00,16.818,1.2836
47 days 10:20:00,12.8164,0.2556
47 days 10:30:00,25.7084,1.9068
47 days 10:40:00,4.7528,0.3444
47 days 10:50:00,15.9573,0.6477
47 days 11:00:00,13.4245,1.1267
47 days 11:10:00,7.6892,1.0862
47 days 11:20:00,15.2291,0.885
47 days 11:30:00,5.7328,0.4832
47 days 11:40:00,10.6241,0.6304
47 days 11:50:00,13.462,1.4677
47 days 12:00:00,12.9746,0.8961
47 days 12:10:00,9.5439,0.4155
47 days 12:20:00,16.8866,1.1152
47 days 12:30:00,9.8728,1.3326
47 days 12:40:00,14.5659,1.0736
47 days 12:50:00,11.8041,0.6711
47 days 13:00:00,4.5124,0.192
47 days 13:10:00,10.5747,0.7682
47 days 13:20:00,12.904,0.7087
47 days 13:30:00,6.5705,0.4982
47 days 13:40:00,14.0926,0.6219
47 days 13:50:00,10.6623,0.831
47 days 14:00:00,12.862,0.8404
47 days 14:10:00,9.4452,0.5688
47 days 14:20:00,10.3186,0.4266
47 days 14:30:00,14.5166,1.0775
47 days 14:40:00,18.7895,1.1183
47 days 14:50:00,9.2024,0.3059
47 days 15:00:00,9.8037,0.3026
47 days 15:10:00,7.7332,0.3677
47 days 15:20:00,12.2855,0.2187
47 days 15:30:00,16.3462,1.3616
47 days 15:40:00,13.847,0.7215
47 days 15:50:00,4.6301,0.48
47 days 16:00:00,8.5342,1.9166
47 days 16:10:00,7.9766,0.3199
47 days 16:20:00,4.6366,0.4575
47 days 16:30:00,15.3132,1.2631
47 days 16:40:00,12.0574,0.7525
47 days 16:50:00,4.6381,0.4508
47 days 17:00:00,10.0343,0.4576
47 days 17:10:00,13.8603,0.8287
47 days 17:20:00,7.0339,0.5432
47 days 17:30:00,10.7881,0.2734
47 days 17:40:00,13.8544,1.0596
47 days 17:50:00,10.2176,0.2733
47 days 18:00:00,7.128,0.3638
47 days 18:10:00,17.0766,1.1358
47 days 18:20:00,14.7006,0.552
47 days 18:30:00,7.9726,0.5738
47 days 18:40:00,22.1157,1.4988
47 days 18:50:00,9.6279,0.4256
47 days 19:00:00,9.4218,0.6201
47 days 19:10:00,11.7053,1.1795
47 days 19:20:00,15.5344,0.4356
47 days 19:30:00,17.6955,0.9844
47 days 19:40:00,11.8399,1.7516
47 days 19:50:00,7.7234,0.9299
47 days 20:00:00,5.8273,0.3104
47 days 20:10:00,10.7708,0.6837
47 days 20:20:00,4.0905,0.2454
47 days 20:30:00,11.7397,0.4832
47 days 20:40:00,4.3712,0.4391
47 days 20:50:00,5.1481,0.2001
47 days 21:00:00,23.5622,1.8288
47 days 21:10:00,12.3802,1.0216
47 days 21:20:00,11.0283,0.5434
47 days 21:30:00,16.35,0.8265
47 days 21:40:00,8.3961,0.7337
47 days 21:50:00,8.587,0.5474
47 days 22:00:00,22.6276,1.8618
47 days 22:10:00,18.5167,1.2515
47 days 22:20:00,7.7615,1.0455
47 days 22:30:00,5.3652,0.8095
47 days 22:40:00,13.6855,0.7698
47 days 22:50:00,4.8226,0.6413
47 days 23:00:00,15.7916,0.593
47 days 23:10:00,16.4466,1.2162
47 days 23:20:00,7.681,0.8621
47 days 23:30:00,13.4166,0.9851
47 days 23:40:00,10.9283,0.7136
47 days 23:50:00,6.2062,0.3807
48 days 00:00:00,13.4294,0.8776
48 days 00:10:00,4.8178,0.5543
48 days 00:20:00,18.307,1.7524
48 days 00:30:00,12.6343,0.7746
48 days 00:40:00,16.3097,0.8436
48 days 00:50:00,4.7437,0.1143
48 days 01:00:00,14.8155,0.8974
48 days 01:10:00,10.5238,0.5073
48 days 01:20:00,17.5475,1.0429
48 days 01:30:00,18.507,1.4561
48 days 01:40:00,11.4113,0.6646
48 days 01:50:00,14.7411,1.1741
48 days 02:00:00,15.577,0.9109
48 days 02:10:00,5.9333,0.3242
48 days 02:20:00,19.8774,1.2463
48 days 02:30:00,5.4492,0.6055
48 days 02:40:00,15.0704,0.5199
48 days 02:50:00,15.4498,1.091
48 days 03:00:00,16.0627,1.3108
48 days 03:10:00,11.164,1.0367
48 days 03:20:00,4.4983,0.4973
48 days 03:30:00,5.8687,0.355
48 days 03:40:00,5.4044,0.3541
48 days 03:50:00,15.3402,1.1596
48 days 04:00:00,10.0238,0.4805
48 days 04:10:00,16.226,0.5781
48 days 04:20:00,7.6213,0.5402
48 days 04:30:00,9.169,0.5856
48 days 04:40:00,5.5067,0.5781
48 days 04:50:00,11.6769,0.4322
48 days 05:00:00,12.8318,0.629
48 days 05:10:00,7.5098,0.4138
48 days 05:20:00,9.1565,0.8062
48 days 05:30:00,5.8347,0.7313
48 days 05:40:00,13.3878,0.8776
48 days 05:50:00,12.7024,1.155
48 days 06:00:00,6.6032,0.3947
48 days 06:10:00,4.5554,0.662
48 days 06:20:00,11.6581,0.3458
48 days 06:30:00,17.0729,0.6735
48 days 06:40:00,20.6822,1.7264
48 days 06:50:00,11.1956,0.5327
48 days 07:00:00,8.7208,0.3704
48 days 07:10:00,7.7242,0.4407
48 days 07:20:00,8.8924,0.5656
48 days 07:30:00,12.9135,0.8168
48 days 07:40:00,12.2445,0.9582
48 days 07:50:00,5.9012,0.4056
48 days 08:00:00,12.1484,1.1088
48 days 08:10:00,10.9113,0.7458
48 days 08:20:00,13.8313,0.9774
48 days 08:30:00,13.5857,0.4874
48 days 08:40:00,17.7278,1.1285
48 days 08:50:00,13.2774,0.8072
48 days 09:00:00,18.2685,1.5642
48 days 09:10:00,10.7547,0.5697
48 days 09:20:00,8.1603,0.7447
48 days 09:30:00,21.7834,1.6893
48 days 09:40:00,18.0271,1.6496
48 days 09:50:00,20.1665,1.4563
48 days 10:00:00,8.2446,0.5662
48 days 10:10:00,12.0943,0.6656
48 days 10:20:00,9.4734,0.5672
48 days 10:30:00,4.6546,0.6113
48 days 10:40:00,12.9458,0.8776
48 days 10:50:00,13.8292,0.5154
48 days 11:00:00,11.9739,0.3002
48 days 11:10:00,12.4571,1.0586
48 days 11:20:00,13.0029,0.8421
48 days 11:30:00,13.2406,0.5487
48 days 11:40:00,11.4029,0.4126
48 days 11:50:00,20.9211,1.7139
48 days 12:00:00,9.4141,0.5566
48 days 12:10:00,12.7992,0.8608
48 days 12:20:00,5.9986,0.3543
48 days 12:30:00,10.5387,0.2954
48 days 12:40:00,7.7373,0.6028
48 days 12:50:00,8.542,0.4544
48 days 13:00:00,18.6927,1.0772
48 days 13:10:00,11.9121,0.4301
48 days 13:20:00,24.7731,1.7299
48 days 13:30:00,16.3995,1.2723
48 days 13:40:00,5.7692,0.5737
48 days 13:50:00,11.8719,0.7319
48 days 14:00:00,14.5336,0.9255
48 days 14:10:00,4.6999,0.5347
48 days 14:20:00,15.4897,0.6911
48 days 14:30:00,3.2944,0.1927
48 days 14:40:00,13.5157,0.7541
48 days 14:50:00,14.1553,1.7822
48 days 15:00:00,15.9237,1.2404
48 days 15:10:00,5.7946,0.33
48 days 15:20:00,15.4099,0.8267
48 days 15:30:00,6.0614,0.1282
48 days 15:40:00,11.0082,0.2678
48 days 15:50:00,3.0762,0.1921
48 days 16:00:00,10.9394,0.9527
48 days 16:10:00,10.2378,0.4603
48 days 16:20:00,13.3371,0.6402
48 days 16:30:00,5.8201,0.5775
48 days 16:40:00,7.2406,0.4736
48 days 16:50:00,12.7837,1.2817
48 days 17:00:00,6.9853,0.3814
48 days 17:10:00,15.7333,1.1163
48 days 17:20:00,13.1633,0.5109
48 days 17:30:00,10.3266,0.5838
48 days 17:40:00,7.3628,0.3909
48 days 17:50:00,13.5557,0.8088
48 days 18:00:00,7.6813,0.4645
48 days 18:10:00,9.7437,0.4335
48 days 18:20:00,10.4885,0.1768
48 days 18:30:00,12.8775,1.5119
48 days 18:40:00,17.2662,1.07
48 days 18:50:00,15.4829,1.3885
48 days 19:00:00,19.2842,1.2807
48 days 19:10:00,13.9709,1.0242
48 days 19:20:00,7.5632,0.2817
48 days 19:30:00,17.0181,1.3906
48 days 19:40:00,15.1914,0.9529
48 days 19:50:00,17.2191,1.3089
48 days 20:00:00,8.649,0.2431
48 days 20:10:00,11.4398,0.1538
48 days 20:20:00,13.7143,1.3736
48 days 20:30:00,4.2,0.2717
48 days 20:40:00,13.4797,0.9102
48 days 20:50:00,3.1306,0.3728
48 days 21:00:00,15.6639,0.8589
48 days 21:10:00,9.7739,0.7844
48 days 21:20:00,7.4306,0.3045
48 days 21:30:00,8.2529,0.2856
48 days 21:40:00,15.0222,0.3914
48 days 21:50:00,12.1667,0.7591
48 days 22:00:00,4.1345,0.3707
48 days 22:10:00,5.683,0.1971
48 days 22:20:00,12.8427,0.4692
48 days 22:30:00,9.9035,0.806
48 days 22:40:00,10.3886,0.4159
48 days 22:50:00,9.0883,0.7259
48 days 23:00:00,14.8858,3.0818
48 days 23:10:00,17.4041,0.802
48 days 23:20:00,4.4871,0.1617
48 days 23:30:00,3.6777,0.4324
48 days 23:40:00,9.6493,0.4754
48 days 23:50:00,12.3817,0.6864
49 days 00:00:00,11.4787,0.7724
49 days 00:10:00,6.3997,0.3482
49 days 00:20:00,10.8849,0.8617
49 days 00:30:00,15.9765,0.8965
49 days 00:40:00,3.8275,0.6403
49 days 00:50:00,13.1125,0.6266
49 days 01:00:00,8.6126,0.4619
49 days 01:10:00,6.2782,0.1406
49 days 01:20:00,12.7988,0.7166
49 days 01:30:00,6.2726,0.3406
49 days 01:40:00,10.6659,0.2793
49 days 01:50:00,9.1658,0.4477
49 days 02:00:00,7.646,0.2403
49 days 02:10:00,14.4423,0.6168
49 days 02:20:00,10.9703,0.6391
49 days 02:30:00,15.3576,1.0806
49 days 02:40:00,14.7943,0.5872
49 days 02:50:00,13.602,0.6537
49 days 03:00:00,12.8333,0.3902
49 days 03:10:00,12.3062,0.7709
49 days 03:20:00,12.7131,0.8002
49 days 03:30:00,6.3414,0.3866
49 days 03:40:00,15.277,0.9767
49 days 03:50:00,13.1623,0.6095
49 days 04:00:00,15.6985,0.8868
49 days 04:10:00,4.0013,0.2774
49 days 04:20:00,8.6296,0.3288
49 days 04:30:00,15.7217,1.1092
49 days 04:40:00,10.6499,0.7933
49 days 04:50:00,8.8736,0.5325
49 days 05:00:00,15.9853,1.1521
49 days 05:10:00,12.8096,0.8538
49 days 05:20:00,3.8828,0.2132
49 days 05:30:00,15.8284,0.4713
49 days 05:40:00,13.5263,0.8861
49 days 05:50:00,6.6941,0.5319
49 days 06:00:00,8.254,0.3151
49 days 06:10:00,10.1012,0.8749
49 days 06:20:00,10.2691,0.5309
49 days 06:30:00,12.6347,0.6756
49 days 06:40:00,4.1523,0.1774
49 days 06:50:00,15.248,0.986
49 days 07:00:00,24.6003,2.3075
49 days 07:10:00,9.3972,0.5597
49 days 07:20:00,13.1992,0.9698
49 days 07:30:00,5.3102,0.6342
49 days 07:40:00,6.4748,0.4009
49 days 07:50:00,6.6683,0.54
49 days 08:00:00,12.4786,0.6474
49 days 08:10:00,21.3366,1.9494
49 days 08:20:00,7.4184,0.2689
49 days 08:30:00,10.5332,0.2867
49 days 08:40:00,7.6466,0.4432
49 days 08:50:00,11.145,0.696
49 days 09:00:00,7.5406,0.2436
49 days 09:10:00,9.6994,0.727
49 days 09:20:00,7.199,0.9601
49 days 09:30:00,14.291,0.6969
49 days 09:40:00,8.3603,0.2593
49 days 09:50:00,17.3512,1.355
49 days 10:00:00,11.1976,0.1792
49 days 10:10:00,15.026,0.4238
49 days 10:20:00,5.0348,0.1611
49 days 10:30:00,10.6677,0.4941
49 days 10:40:00,11.1863,0.4632
49 days 10:50:00,15.3102,0.8997
49 days 11:00:00,4.3586,0.1649
49 days 11:10:00,8.4635,0.2849
49 days 11:20:00,4.2772,0.533
49 days 11:30:00,10.0942,0.5865
49 days 11:40:00,11.1872,0.77
49 days 11:50:00,16.8948,0.8239
49 days 12:00:00,15.3232,0.8563
49 days 12:10:00,11.8715,0.612
49 days 12:20:00,9.4106,0.7994
49 days 12:30:00,13.961,0.8054
49 days 12:40:00,8.4649,0.5822
49 days 12:50:00,9.0635,0.416
49 days 13:00:00,19.71,1.3471
49 days 13:10:00,9.8738,0.8164
49 days 13:20:00,5.0013,0.3769
49 days 13:30:00,8.4744,0.7828
49 days 13:40:00,25.0988,1.8128
49 days 13:50:00,7.443,0.4747
49 days 14:00:00,11.6448,0.8166
49 days 14:10:00,6.4924,0.5991
49 days 14:20:00,12.1163,0.5282
49 days 14:30:00,13.8851,1.2399
49 days 14:40:00,17.9574,0.9963
49 days 14:50:00,6.3761,0.3549
49 days 15:00:00,17.7141,0.8508
49 days 15:10:00,5.1662,0.7208
49 days 15:20:00,7.9511,0.7385
49 days 15:30:00,10.9112,0.3606
49 days 15:40:00,4.9601,0.0684
49 days 15:50:00,12.0091,0.7438
49 days 16:00:00,13.7397,0.8694
49 days 16:10:00,19.4662,0.9588
49 days 16:20:00,12.8473,0.7231
49 days 16:30:00,11.6087,0.8204
49 days 16:40:00,10.3652,0.3441
49 days 16:50:00,12.1062,0.7552
49 days 17:00:00,7.6693,0.2667
49 days 17:10:00,10.7017,1.3428
49 days 17:20:00,4.0909,0.3631
49 days 17:30:00,5.0013,0.3793
49 days 17:40:00,20.831,1.6516
49 days 17:50:00,9.7965,0.8171
49 days 18:00:00,4.2392,0.5685
49 days 18:10:00,9.1426,0.603
49 days 18:20:00,5.5235,0.2314
49 days 18:30:00,14.2408,0.2933
49 days 18:40:00,3.1874,0.3052
49 days 18:50:00,10.4682,0.416
49 days 19:00:00,11.0292,0.5803
49 days 19:10:00,7.4534,0.763
49 days 19:20:00,16.3356,1.0312
49 days 19:30:00,7.9499,0.6546
49 days 19:40:00,14.3146,0.6004
49 days 19:50:00,11.9166,0.7522
49 days 20:00:00,6.3952,0.3014
49 days 20:10:00,13.259,0.7231
49 days 20:20:00,12.113,0.72
49 days 20:30:00,13.6237,0.7412
49 days 20:40:00,9.402,0.8299
49 days 20:50:00,14.181,2.193
49 days 21:00:00,8.4761,0.4591
49 days 21:10:00,16.6626,0.885
49 days 21:20:00,16.1596,0.6889
49 days 21:30:00,13.2066,0.4589
49 days 21:40:00,3.7889,0.1986
49 days 21:50:00,9.545,0.5324
49 days 22:00:00,5.5195,0.4788
49 days 22:10:00,17.1733,0.9846
49 days 22:20:00,12.7887,0.9498
49 days 22:30:00,12.6888,0.5425
49 days 22:40:00,4.5589,0.542
49 days 22:50:00,10.0111,0.9206
49 days 23:00:00,9.9446,0.5833
49 days 23:10:00,4.4916,0.2918
49 days 23:20:00,16.6846,1.1427
49 days 23:30:00,13.4387,0.9107
49 days 23:40:00,15.2262,0.6687
49 days 23:50:00,16.223,1.1351
50 days 00:00:00,11.3065,0.5083
50 days 00:10:00,11.0,0.4432
50 days 00:20:00,9.1316,0.6371
50 days 00:30:00,15.8185,0.5031
50 days 00:40:00,14.7206,1.1526
50 days 00:50:00,13.1579,1.5567
50 days 01:00:00,15.4495,0.9004
50 days 01:10:00,6.688,0.6644
50 days 01:20:00,12.1038,0.5939
50 days 01:30:00,3.9492,0.1427
50 days 01:40:00,4.6134,0.4411
50 days 01:50:00,18.4169,1.4086
50 days 02:00:00,14.07,0.6618
50 days 02:10:00,8.5482,0.3023
50 days 02:20:00,15.0124,0.7562
50 days 02:30:00,13.971,0.6601
50 days 02:40:00,15.2919,0.4504
50 days 02:50:00,17.0203,1.237
50 days 03:00:00,11.2948,0.6312
50 days 03:10:00,18.5041,1.0797
50 days 03:20:00,11.5506,0.6875
50 days 03:30:00,8.4043,0.7505
50 days 03:40:00,11.5116,0.6975
50 days 03:50:00,23.2583,1.4833
50 days 04:00:00,6.7323,0.2378
50 days 04:10:00,13.5377,0.4009
50 days 04:20:00,12.0037,0.5024
50 days 04:30:00,8.7231,0.628
50 days 04:40:00,8.182,0.1667
50 days 04:50:00,10.8208,0.2377
50 days 05:00:00,9.9191,0.4471
50 days 05:10:00,10.8617,0.6319
50 days 05:20:00,5.441,0.5257
50 days 05:30:00,10.017,0.3602
50 days 05:40:00,10.2099,0.6804
50 days 05:50:00,6.8453,0.5409
50 days 06:00:00,10.3203,0.5673
50 days 06:10:00,2.5661,0.103
50 days 06:20:00,12.6989,1.3183
50 days 06:30:00,2.947,0.2816
50 days 06:40:00,11.3859,0.2733
50 days 06:50:00,16.2688,0.7268
50 days 07:00:00,12.9159,0.8741
50 days 07:10:00,4.6573,0.2646
50 days 07:20:00,10.2076,0.3498
50 days 07:30:00,18.6298,1.1721
50 days 07:40:00,7.003,0.2669
50 days 07:50:00,11.1268,0.4779
50 days 08:00:00,12.3924,0.3869
50 days 08:10:00,15.9544,0.6588
50 days 08:20:00,15.0188,0.7416
50 days 08:30:00,5.1445,0.6557
50 days 08:40:00,8.8545,0.6703
50 days 08:50:00,11.8158,1.1502
50 days 09:00:00,9.4546,0.6896
50 days 09:10:00,11.5083,1.1117
50 days 09:20:00,9.2007,0.4928
50 days 09:30:00,3.571,0.4525
50 days 09:40:00,11.4601,0.3318
50 days 09:50:00,9.4304,0.5255
50 days 10:00:00,14.2961,0.9368
50 days 10:10:00,4.3796,0.4336
50 days 10:20:00,8.0392,0.7569
50 days 10:30:00,3.6582,0.3722
50 days 10:40:00,12.4966,0.3224
50 days 10:50:00,8.5079,0.2388
50 days 11:00:00,12.8739,0.9372
50 days 11:10:00,13.6459,0.4647
50 days 11:20:00,14.2044,0.9398
50 days 11:30:00,14.6555,1.7956
50 days 11:40:00,12.0837,0.7313
50 days 11:50:00,5.2042,0.441
50 days 12:00:00,4.382,0.3041
50 days 12:10:00,9.076,0.1713
50 days 12:20:00,10.9148,0.8667
50 days 12:30:00,10.1782,0.7029
50 days 12:40:00,4.6136,0.495
50 days 12:50:00,15.1522,0.7006
50 days 13:00:00,11.7437,0.875
50 days 13:10:00,17.0878,0.874
50 days 13:20:00,9.7353,0.5601
50 days 13:30:00,13.143,0.8094
50 days 13:40:00,22.7379,1.6015
50 days 13:50:00,18.6783,1.205
50 days 14:00:00,7.9249,0.3495
50 days 14:10:00,6.1405,0.2182
50 days 14:20:00,5.2256,0.3911
50 days 14:30:00,8.9914,0.9364
50 days 14:40:00,11.5444,0.3626
50 days 14:50:00,11.9095,0.4349
50 days 15:00:00,8.3206,0.9018
50 days 15:10:00,10.6452,0.5683
50 days 15:20:00,11.2578,0.673
50 days 15:30:00,13.3221,0.6603
50 days 15:40:00,6.811,0.1999
50 days 15:50:00,5.6856,0.343
50 days 16:00:00,5.313,0.2894
50 days 16:10:00,13.318,0.7968
50 days 16:20:00,7.7186,0.2215
50 days 16:30:00,9.5702,0.3435
50 days 16:40:00,9.1373,0.3376
50 days 16:50:00,19.748,1.5196
50 days 17:00:00,6.8167,0.5366
50 days 17:10:00,16.3994,1.2265
50 days 17:20:00,7.7068,0.446
50 days 17:30:00,7.7109,0.3558
50 days 17:40:00,4.4776,0.6326
50 days 17:50:00,19.9413,1.4807
50 days 18:00:00,4.6907,0.4455
50 days 18:10:00,9.4446,0.4599
50 days 18:20:00,7.4488,0.5785
50 days 18:30:00,8.5774,0.6337
50 days 18:40:00,9.3957,0.5268
50 days 18:50:00,6.4867,0.6405
50 days 19:00:00,15.3666,1.072
50 days 19:10:00,17.9064,1.1987
50 days 19:20:00,14.8766,1.2408
50 days 19:30:00,6.7786,0.262
50 days 19:40:00,11.3837,0.5504
50 days 19:50:00,6.5218,0.854
50 days 20:00:00,11.7384,0.623
50 days 20:10:00,16.342,1.5002
50 days 20:20:00,14.1568,1.5118
50 days 20:30:00,20.923,1.7216
50 days 20:40:00,5.6242,0.4311
50 days 20:50:00,14.3102,1.0027
50 days 21:00:00,9.3303,0.7479
50 days 21:10:00,7.9472,0.5085
50 days 21:20:00,6.8068,0.5932
50 days 21:30:00,10.6219,0.2878
50 days 21:40:00,12.1922,0.4079
50 days 21:50:00,16.2343,0.6827
50 days 22:00:00,11.0969,0.6034
50 days 22:10:00,3.8037,0.2645
50 days 22:20:00,12.7908,0.543
50 days 22:30:00,8.8728,0.7393
50 days 22:40:00,10.8856,1.063
50 days 22:50:00,10.6868,0.9617
50 days 23:00:00,10.7306,0.416
50 days 23:10:00,4.787,0.2154
50 days 23:20:00,4.396,0.3822
50 days 23:30:00,6.8992,0.3443
50 days 23:40:00,9.8421,0.6091
50 days 23:50:00,5.6184,0.583
51 days 00:00:00,16.1696,0.8337
51 days 00:10:00,12.5121,0.8932
51 days 00:20:00,17.9789,1.2472
51 days 00:30:00,12.6613,0.8411
51 days 00:40:00,22.2093,1.5447
51 days 00:50:00,16.1326,1.1152
51 days 01:00:00,5.3801,0.3738
51 days 01:10:00,16.3222,1.201
51 days 01:20:00,5.5675,0.5894
51 days 01:30:00,4.9496,0.6239
51 days 01:40:00,11.6805,0.507
51 days 01:50:00,19.111,1.3672
51 days 02:00:00,7.2173,0.4392
51 days 02:10:00,13.3007,1.1041
51 days 02:20:00,11.6939,0.8443
51 days 02:30:00,9.0809,0.8852
51 days 02:40:00,7.6146,0.4456
51 days 02:50:00,4.9477,0.5523
51 days 03:00:00,9.8782,0.1745
51 days 03:10:00,5.4941,0.427
51 days 03:20:00,5.4633,0.218
51 days 03:30:00,19.9697,1.4931
51 days 03:40:00,13.1971,0.4011
51 days 03:50:00,12.487,1.037
51 days 04:00:00,4.4889,0.3281
51 days 04:10:00,16.9448,1.067
51 days 04:20:00,11.6005,0.6342
51 days 04:30:00,7.9378,0.3616
51 days 04:40:00,11.7794,0.3563
51 days 04:50:00,12.0447,0.535
51 days 05:00:00,7.9878,0.7079
51 days 05:10:00,15.6059,1.2114
51 days 05:20:00,9.7005,0.4106
51 days 05:30:00,12.9876,0.6621
51 days 05:40:00,10.8836,1.0166
51 days 05:50:00,8.5297,0.5956
51 days 06:00:00,14.4122,1.3135
51 days 06:10:00,14.696,0.3774
51 days 06:20:00,10.1335,0.4283
51 days 06:30:00,10.4612,0.6153
51 days 06:40:00,14.7889,1.1355
51 days 06:50:00,14.6353,1.2181
51 days 07:00:00,7.2858,0.4036
51 days 07:10:00,5.361,0.465
51 days 07:20:00,13.012,0.9187
51 days 07:30:00,9.9809,0.4304
51 days 07:40:00,13.5691,1.1607
51 days 07:50:00,9.1499,0.3385
51 days 08:00:00,13.9119,1.0804
51 days 08:10:00,13.8005,0.8555
51 days 08:20:00,10.1458,0.521
51 days 08:30:00,17.2338,0.6017
51 days 08:40:00,8.9469,0.3959
51 days 08:50:00,19.3941,1.4419
51 days 09:00:00,14.0098,0.6721
51 days 09:10:00,6.8412,0.3693
51 days 09:20:00,5.9515,0.6197
51 days 09:30:00,7.5624,0.7009
51 days 09:40:00,6.6047,0.5055
51 days 09:50:00,22.0327,1.7457
51 days 10:00:00,8.4682,0.17
51 days 10:10:00,10.3902,0.608
51 days 10:20:00,6.4097,0.5354
51 days 10:30:00,14.8301,0.696
51 days 10:40:00,16.6561,1.204
51 days 10:50:00,6.775,0.7408
51 days 11:00:00,6.7616,0.3651
51 days 11:10:00,10.418,0.7586
51 days 11:20:00,12.7964,0.743
51 days 11:30:00,22.4267,1.5508
51 days 11:40:00,9.4947,0.1775
51 days 11:50:00,7.6432,0.4919
51 days 12:00:00,8.2614,0.2487
51 days 12:10:00,10.303,0.3468
51 days 12:20:00,9.2522,0.8585
51 days 12:30:00,12.2128,0.4915
51 days 12:40:00,17.3415,0.9208
51 days 12:50:00,10.6572,0.593
51 days 13:00:00,8.9957,0.8416
51 days 13:10:00,10.7914,0.9748
51 days 13:20:00,5.5243,0.5896
51 days 13:30:00,15.8952,1.1321
51 days 13:40:00,13.9781,1.3762
51 days 13:50:00,12.2598,0.5806
51 days 14:00:00,3.8948,0.1964
51 days 14:10:00,6.5971,0.3855
51 days 14:20:00,8.7621,0.2957
51 days 14:30:00,7.7853,0.7343
51 days 14:40:00,10.0595,0.7516
51 days 14:50:00,14.6942,0.362
51 days 15:00:00,10.6285,0.6637
51 days 15:10:00,11.6288,0.4915
51 days 15:20:00,22.9066,1.3118
51 days 15:30:00,4.3587,0.1625
51 days 15:40:00,16.7385,1.2561
51 days 15:50:00,9.4762,1.038
51 days 16:00:00,7.8527,0.3734
51 days 16:10:00,11.0883,0.5413
51 days 16:20:00,10.3152,0.7272
51 days 16:30:00,9.8501,0.5058
51 days 16:40:00,12.6417,0.7532
51 days 16:50:00,8.5988,0.4473
51 days 17:00:00,4.2542,0.1316
51 days 17:10:00,5.0033,0.1413
51 days 17:20:00,20.4334,0.9112
51 days 17:30:00,16.7218,0.7088
51 days 17:40:00,10.3214,0.9175
51 days 17:50:00,6.8254,0.5103
51 days 18:00:00,6.8032,0.4178
51 days 18:10:00,7.1487,0.4214
51 days 18:20:00,17.1614,1.9775
51 days 18:30:00,10.35,0.4876
51 days 18:40:00,5.6709,0.5951
51 days 18:50:00,21.0268,2.2736
51 days 19:00:00,7.6486,0.3901
51 days 19:10:00,10.5122,1.0468
51 days 19:20:00,13.5807,1.4198
51 days 19:30:00,6.1588,0.279
51 days 19:40:00,10.6294,0.5299
51 days 19:50:00,12.9641,0.6361
51 days 20:00:00,7.4992,0.5148
51 days 20:10:00,10.0804,0.6216
51 days 20:20:00,10.4831,0.6375
51 days 20:30:00,19.9453,1.3791
51 days 20:40:00,18.3283,1.0808
51 days 20:50:00,9.1658,0.6045
51 days 21:00:00,16.042,0.626
51 days 21:10:00,9.969,0.7004
51 days 21:20:00,7.5415,0.5948
51 days 21:30:00,4.285,0.4346
51 days 21:40:00,11.083,0.568
51 days 21:50:00,3.9663,0.3208
51 days 22:00:00,9.5321,0.4648
51 days 22:10:00,9.0886,0.4505
51 days 22:20:00,6.7668,0.4734
51 days 22:30:00,5.7728,0.3652
51 days 22:40:00,7.7401,0.4966
51 days 22:50:00,23.6189,1.6823
51 days 23:00:00,13.1979,0.806
51 days 23:10:00,10.7381,0.4124
51 days 23:20:00,16.7115,0.6319
51 days 23:30:00,4.4122,0.4304
51 days 23:40:00,13.0464,0.5948
51 days 23:50:00,13.8457,0.2314
52 days 00:00:00,8.0445,0.4041
52 days 00:10:00,10.2562,0.5005
52 days 00:20:00,13.4476,0.7168
52 days 00:30:00,14.458,0.9824
52 days 00:40:00,9.2773,0.649
52 days 00:50:00,9.795,0.3704
52 days 01:00:00,5.7929,0.8932
52 days 01:10:00,6.6958,0.4307
52 days 01:20:00,5.755,0.4655
52 days 01:30:00,5.5462,0.4136
52 days 01:40:00,16.1845,1.1258
52 days 01:50:00,16.1303,1.133
52 days 02:00:00,11.0344,0.7448
52 days 02:10:00,10.1315,0.5113
52 days 02:20:00,10.3978,0.925
52 days 02:30:00,11.8212,0.1983
52 days 02:40:00,13.309,1.2842
52 days 02:50:00,14.5686,0.9851
52 days 03:00:00,14.6058,0.7245
52 days 03:10:00,17.5742,1.0118
52 days 03:20:00,4.9514,0.2106
52 days 03:30:00,8.9429,0.7196
52 days 03:40:00,6.9621,0.414
52 days 03:50:00,22.1831,1.7244
52 days 04:00:00,19.593,1.5971
52 days 04:10:00,4.8902,0.3858
52 days 04:20:00,16.731,1.1696
52 days 04:30:00,12.9016,0.8437
52 days 04:40:00,11.5022,0.4769
52 days 04:50:00,11.5089,0.4071
52 days 05:00:00,9.3194,0.2236
52 days 05:10:00,10.3491,1.0456
52 days 05:20:00,11.4446,0.5978
52 days 05:30:00,12.2985,0.9585
52 days 05:40:00,8.152,0.4231
52 days 05:50:00,13.0082,0.4885
52 days 06:00:00,9.5217,0.4693
52 days 06:10:00,11.3237,0.7212
52 days 06:20:00,14.4858,0.5774
52 days 06:30:00,15.0796,0.6233
52 days 06:40:00,10.0275,0.599
52 days 06:50:00,8.2204,0.3183
52 days 07:00:00,23.6871,2.2519
52 days 07:10:00,16.4574,1.0856
52 days 07:20:00,20.5627,1.7911
52 days 07:30:00,12.1873,0.3992
52 days 07:40:00,9.0821,1.1264
52 days 07:50:00,17.6375,1.0664
52 days 08:00:00,8.7667,0.5069
52 days 08:10:00,15.5222,1.0529
52 days 08:20:00,13.2311,0.845
52 days 08:30:00,6.5542,0.4266
52 days 08:40:00,7.7285,0.4102
52 days 08:50:00,12.4785,0.9507
52 days 09:00:00,8.9899,0.8004
52 days 09:10:00,5.4226,0.6946
52 days 09:20:00,10.5151,0.7514
52 days 09:30:00,9.5175,0.33
52 days 09:40:00,21.6069,1.9133
52 days 09:50:00,12.8854,1.1265
52 days 10:00:00,6.1241,0.4622
52 days 10:10:00,4.0055,0.3966
52 days 10:20:00,5.6095,0.4399
52 days 10:30:00,14.0296,1.0923
52 days 10:40:00,32.3149,2.2163
52 days 10:50:00,13.0232,0.3503
52 days 11:00:00,14.2619,0.894
52 days 11:10:00,12.1016,0.7071
52 days 11:20:00,8.9577,0.6556
52 days 11:30:00,13.7181,0.8156
52 days 11:40:00,7.6656,0.4425
52 days 11:50:00,6.9757,0.6738
52 days 12:00:00,13.9977,0.6621
52 days 12:10:00,10.9362,0.5032
52 days 12:20:00,11.7362,0.7173
52 days 12:30:00,7.8317,0.1775
52 days 12:40:00,10.3209,0.552
52 days 12:50:00,4.7678,0.23
52 days 13:00:00,22.26,1.6929
52 days 13:10:00,17.2696,0.9793
52 days 13:20:00,5.3942,0.2278
52 days 13:30:00,9.0083,0.9184
52 days 13:40:00,6.6741,0.654
52 days 13:50:00,12.4831,0.5623
52 days 14:00:00,23.9915,1.2833
52 days 14:10:00,4.7817,0.3458
52 days 14:20:00,5.5062,0.3669
52 days 14:30:00,12.9068,0.2547
52 days 14:40:00,16.3492,1.1397
52 days 14:50:00,27.0103,2.303
52 days 15:00:00,3.7051,0.7992
52 days 15:10:00,7.4176,0.5505
52 days 15:20:00,5.9746,0.4382
52 days 15:30:00,7.7956,0.6292
52 days 15:40:00,24.0487,2.255
52 days 15:50:00,12.8823,0.8721
52 days 16:00:00,10.3885,0.6389
52 days 16:10:00,14.1895,0.8918
52 days 16:20:00,17.7647,0.9061
52 days 16:30:00,12.588,0.6219
52 days 16:40:00,6.663,0.3224
52 days 16:50:00,18.2629,1.53
52 days 17:00:00,15.2325,1.0981
52 days 17:10:00,15.3052,0.8103
52 days 17:20:00,15.7217,1.1092
52 days 17:30:00,8.3082,0.7915
52 days 17:40:00,9.3299,0.6683
52 days 17:50:00,9.5945,0.7219
52 days 18:00:00,4.5819,0.3095
52 days 18:10:00,8.1282,0.7704
52 days 18:20:00,11.9722,0.486
52 days 18:30:00,13.9192,1.1067
52 days 18:40:00,4.397,0.358
52 days 18:50:00,13.2639,0.6938
52 days 19:00:00,13.0407,0.7813
52 days 19:10:00,13.3269,0.5188
52 days 19:20:00,7.5346,1.0645
52 days 19:30:00,23.3641,1.537
52 days 19:40:00,9.4901,0.1473
52 days 19:50:00,10.2894,0.7565
52 days 20:00:00,13.4256,0.7797
52 days 20:10:00,7.4996,0.3116
52 days 20:20:00,14.6628,0.6712
52 days 20:30:00,10.1006,0.3304
52 days 20:40:00,12.924,1.0432
52 days 20:50:00,6.9982,0.4376
52 days 21:00:00,7.1016,0.74
52 days 21:10:00,5.0483,0.5247
52 days 21:20:00,12.711,1.046
52 days 21:30:00,5.5887,0.2184
52 days 21:40:00,9.3529,0.5053
52 days 21:50:00,12.522,0.9848
52 days 22:00:00,13.926,1.0767
52 days 22:10:00,3.5253,0.2797
52 days 22:20:00,3.38,0.1934
52 days 22:30:00,7.2548,0.3567
52 days 22:40:00,13.6008,1.1268
52 days 22:50:00,3.4401,0.4967
52 days 23:00:00,9.0744,0.8505
52 days 23:10:00,6.0826,0.3806
52 days 23:20:00,14.9358,0.3204
52 days 23:30:00,4.5779,0.289
52 days 23:40:00,16.1672,1.1697
52 days 23:50:00,9.0457,0.7526
53 days 00:00:00,19.2343,1.7482
53 days 00:10:00,6.5142,0.2902
53 days 00:20:00,13.6256,0.9389
53 days 00:30:00,10.3209,0.552
53 days 00:40:00,10.1428,0.4648
53 days 00:50:00,9.3837,0.7183
53 days 01:00:00,7.8214,0.5123
53 days 01:10:00,16.4805,1.3218
53 days 01:20:00,9.2896,0.7025
53 days 01:30:00,9.5505,1.0355
53 days 01:40:00,8.7697,0.5199
53 days 01:50:00,6.7588,0.4582
53 days 02:00:00,6.2979,0.7445
53 days 02:10:00,17.5197,1.1816
53 days 02:20:00,6.4204,0.653
53 days 02:30:00,9.9383,0.2835
53 days 02:40:00,16.4389,1.3092
53 days 02:50:00,12.5058,0.7836
53 days 03:00:00,8.3902,0.7083
53 days 03:10:00,15.3197,1.4498
53 days 03:20:00,9.4881,0.7152
53 days 03:30:00,9.3285,0.5217
53 days 03:40:00,6.1076,0.1758
53 days 03:50:00,16.4874,0.9103
53 days 04:00:00,6.5444,0.387
53 days 04:10:00,4.4837,0.1954
53 days 04:20:00,8.9317,0.6504
53 days 04:30:00,21.0478,1.2708
53 days 04:40:00,7.4204,0.3664
53 days 04:50:00,6.2076,0.4539
53 days 05:00:00,7.5186,0.5005
53 days 05:10:00,4.079,0.576
53 days 05:20:00,4.0591,0.4878
53 days 05:30:00,10.1311,0.7764
53 days 05:40:00,2.5894,0.1046
53 days 05:50:00,3.3124,0.2654
53 days 06:00:00,16.4482,1.0576
53 days 06:10:00,9.8834,2.9384
53 days 06:20:00,14.7463,0.7738
53 days 06:30:00,9.6839,0.2168
53 days 06:40:00,13.1653,0.3697
53 days 06:50:00,14.8209,1.0093
53 days 07:00:00,14.4515,0.8699
53 days 07:10:00,10.781,0.4224
53 days 07:20:00,8.8405,0.6183
53 days 07:30:00,13.8698,0.9666
53 days 07:40:00,8.2135,0.2246
53 days 07:50:00,11.4319,0.7531
53 days 08:00:00,8.2144,0.3311
53 days 08:10:00,13.3806,2.8607
53 days 08:20:00,11.8516,0.7404
53 days 08:30:00,3.8954,0.4465
53 days 08:40:00,8.2435,0.241
53 days 08:50:00,13.776,1.0508
53 days 09:00:00,4.9052,0.4149
53 days 09:10:00,18.5807,0.8588
53 days 09:20:00,13.2272,0.4449
53 days 09:30:00,8.5744,0.6144
53 days 09:40:00,5.6289,0.3507
53 days 09:50:00,13.604,0.4942
53 days 10:00:00,3.5236,0.5128
53 days 10:10:00,9.1791,0.3908
53 days 10:20:00,16.1433,1.2125
53 days 10:30:00,16.8548,0.7441
53 days 10:40:00,12.2759,0.3629
53 days 10:50:00,12.1423,0.2594
53 days 11:00:00,11.5104,0.6921
53 days 11:10:00,13.2472,0.8034
53 days 11:20:00,7.1084,0.3719
53 days 11:30:00,18.0378,0.9518
53 days 11:40:00,4.2299,0.261
53 days 11:50:00,5.3607,0.6579
53 days 12:00:00,6.0051,0.3032
53 days 12:10:00,12.5578,1.127
53 days 12:20:00,7.3954,0.5066
53 days 12:30:00,10.3851,0.9211
53 days 12:40:00,14.0919,0.6998
53 days 12:50:00,12.2271,0.5695
53 days 13:00:00,10.6017,0.6766
53 days 13:10:00,6.6399,0.5682
53 days 13:20:00,3.9387,0.3771
53 days 13:30:00,19.4496,1.2975
53 days 13:40:00,14.49,0.5735
53 days 13:50:00,9.8673,0.5373
53 days 14:00:00,8.1042,0.4779
53 days 14:10:00,11.6049,0.7271
53 days 14:20:00,9.1734,0.214
53 days 14:30:00,16.8816,1.5606
53 days 14:40:00,20.6056,1.6918
53 days 14:50:00,3.9323,0.2374
53 days 15:00:00,19.1259,1.0941
53 days 15:10:00,12.2458,0.3276
53 days 15:20:00,9.5158,0.453
53 days 15:30:00,13.8847,1.0501
53 days 15:40:00,15.0653,0.8664
53 days 15:50:00,22.8421,1.4256
53 days 16:00:00,10.2904,0.5065
53 days 16:10:00,8.5137,0.5894
53 days 16:20:00,8.3834,0.5518
53 days 16:30:00,9.5061,0.3079
53 days 16:40:00,12.8846,1.0438
53 days 16:50:00,4.1078,0.2368
53 days 17:00:00,10.1538,0.4915
53 days 17:10:00,17.1639,1.1512
53 days 17:20:00,8.5551,0.5191
53 days 17:30:00,15.5716,0.4881
53 days 17:40:00,12.4559,0.9832
53 days 17:50:00,9.2321,0.5954
53 days 18:00:00,9.7109,0.8941
53 days 18:10:00,8.5804,0.6916
53 days 18:20:00,8.3101,0.3582
53 days 18:30:00,17.9014,1.3337
53 days 18:40:00,9.3064,0.9314
53 days 18:50:00,11.0991,0.7973
53 days 19:00:00,9.0691,0.4975
53 days 19:10:00,9.6745,0.4087
53 days 19:20:00,8.4235,0.5295
53 days 19:30:00,12.7095,0.4018
53 days 19:40:00,8.7661,0.5429
53 days 19:50:00,9.888,0.478
53 days 20:00:00,19.1721,1.3038
53 days 20:10:00,6.5808,1.0054
53 days 20:20:00,13.7372,0.621
53 days 20:30:00,16.0996,1.087
53 days 20:40:00,11.5275,0.5891
53 days 20:50:00,5.1039,0.1041
53 days 21:00:00,17.4907,0.8109
53 days 21:10:00,22.9649,1.8304
53 days 21:20:00,7.3334,0.7123
53 days 21:30:00,8.9879,0.3649
53 days 21:40:00,13.2119,0.5695
53 days 21:50:00,9.7143,0.4835
53 days 22:00:00,16.9705,1.5857
53 days 22:10:00,12.6567,0.3627
53 days 22:20:00,12.7231,0.8174
53 days 22:30:00,11.8554,0.8041
53 days 22:40:00,12.849,0.7985
53 days 22:50:00,10.818,0.5672
53 days 23:00:00,12.1661,0.7343
53 days 23:10:00,8.6499,0.4364
53 days 23:20:00,16.0613,1.2501
53 days 23:30:00,7.6355,0.6306
53 days 23:40:00,10.9504,0.7181
53 days 23:50:00,16.3309,1.2076
54 days 00:00:00,9.0701,0.2513
54 days 00:10:00,11.565,0.5334
54 days 00:20:00,8.4702,0.5636
54 days 00:30:00,4.3759,0.6045
54 days 00:40:00,13.8499,0.1856
54 days 00:50:00,14.6046,0.7615
54 days 01:00:00,8.1356,0.2386
54 days 01:10:00,8.1103,0.4816
54 days 01:20:00,10.1181,0.6328
54 days 01:30:00,15.8453,0.7112
54 days 01:40:00,11.7407,0.4558
54 days 01:50:00,13.636,0.5574
54 days 02:00:00,7.9581,0.3764
54 days 02:10:00,23.8118,2.1768
54 days 02:20:00,4.3272,0.7522
54 days 02:30:00,16.1891,0.7773
54 days 02:40:00,14.707,0.9828
54 days 02:50:00,12.6197,0.9208
54 days 03:00:00,3.7201,0.318
54 days 03:10:00,10.2824,1.4156
54 days 03:20:00,15.1851,0.9107
54 days 03:30:00,11.8816,1.1678
54 days 03:40:00,8.7635,0.4329
54 days 03:50:00,10.6986,0.8638
54 days 04:00:00,9.8876,0.6066
54 days 04:10:00,7.0149,0.3183
54 days 04:20:00,11.2459,0.366
54 days 04:30:00,18.9769,1.7201
54 days 04:40:00,11.1489,0.7262
54 days 04:50:00,19.7307,1.1652
54 days 05:00:00,24.1866,2.0991
54 days 05:10:00,10.0545,0.7228
54 days 05:20:00,8.9959,0.7883
54 days 05:30:00,7.3027,0.3609
54 days 05:40:00,7.8433,0.5621
54 days 05:50:00,15.9594,0.9099
54 days 06:00:00,6.2472,0.4219
54 days 06:10:00,7.4719,0.5403
54 days 06:20:00,11.3032,0.8808
54 days 06:30:00,13.6985,0.6597
54 days 06:40:00,7.291,0.4709
54 days 06:50:00,8.6972,0.7784
54 days 07:00:00,30.8689,3.4383
54 days 07:10:00,15.7608,0.6819
54 days 07:20:00,10.3488,0.5415
54 days 07:30:00,11.0152,0.1648
54 days 07:40:00,16.1859,0.8176
54 days 07:50:00,14.1902,1.0169
54 days 08:00:00,8.8026,0.2619
54 days 08:10:00,8.7835,0.5238
54 days 08:20:00,15.8026,1.4811
54 days 08:30:00,6.6373,0.2969
54 days 08:40:00,8.6265,0.7569
54 days 08:50:00,9.7536,0.6873
54 days 09:00:00,11.7993,0.4767
54 days 09:10:00,9.968,0.3827
54 days 09:20:00,8.2929,0.4947
54 days 09:30:00,4.5647,0.2793
54 days 09:40:00,7.6187,0.1496
54 days 09:50:00,16.9171,1.5646
54 days 10:00:00,10.0701,0.5607
54 days 10:10:00,7.1689,0.6504
54 days 10:20:00,11.5439,1.1266
54 days 10:30:00,4.8294,0.3703
54 days 10:40:00,8.7405,0.7425
54 days 10:50:00,16.8388,1.0302
54 days 11:00:00,8.7862,0.5956
54 days 11:10:00,9.8765,0.5374
54 days 11:20:00,3.7028,0.147
54 days 11:30:00,15.1425,0.8045
54 days 11:40:00,8.3876,0.5525
54 days 11:50:00,4.5698,0.1315
54 days 12:00:00,8.4062,0.3745
54 days 12:10:00,9.6522,0.4387
54 days 12:20:00,13.7477,1.2649
54 days 12:30:00,7.7842,0.6562
54 days 12:40:00,12.8347,0.4409
54 days 12:50:00,8.1628,0.2763
54 days 13:00:00,14.8434,0.7257
54 days 13:10:00,2.9147,0.0759
54 days 13:20:00,10.2055,0.6399
54 days 13:30:00,12.4045,0.4881
54 days 13:40:00,6.4912,0.6635
54 days 13:50:00,6.5934,0.1956
54 days 14:00:00,11.0065,0.9058
54 days 14:10:00,7.1863,0.5366
54 days 14:20:00,14.1206,0.8197
54 days 14:30:00,16.0665,1.377
54 days 14:40:00,15.3909,0.8098
54 days 14:50:00,5.4741,0.1758
54 days 15:00:00,8.9721,0.3747
54 days 15:10:00,10.0314,0.7808
54 days 15:20:00,13.0155,0.3534
54 days 15:30:00,13.1532,1.2482
54 days 15:40:00,5.5896,0.3219
54 days 15:50:00,5.4302,0.5711
54 days 16:00:00,15.6309,0.8321
54 days 16:10:00,5.9935,0.7194
54 days 16:20:00,7.9406,0.8377
54 days 16:30:00,5.658,0.6209
54 days 16:40:00,8.6167,0.3504
54 days 16:50:00,9.4245,0.586
54 days 17:00:00,11.9873,2.0002
54 days 17:10:00,14.3303,0.6985
54 days 17:20:00,6.9625,0.2951
54 days 17:30:00,9.3837,0.92
54 days 17:40:00,11.8801,0.5747
54 days 17:50:00,10.8895,0.5146
54 days 18:00:00,14.9891,0.6883
54 days 18:10:00,13.1485,3.9198
54 days 18:20:00,9.2411,0.1948
54 days 18:30:00,17.1651,0.7146
54 days 18:40:00,6.2498,0.4114
54 days 18:50:00,6.5603,0.7589
54 days 19:00:00,12.9391,1.3037
54 days 19:10:00,9.142,0.8843
54 days 19:20:00,5.085,0.6498
54 days 19:30:00,17.96,2.1751
54 days 19:40:00,3.9718,0.4256
54 days 19:50:00,13.2408,0.726
54 days 20:00:00,8.274,0.7067
54 days 20:10:00,8.4289,0.616
54 days 20:20:00,4.839,0.5551
54 days 20:30:00,14.5323,0.5928
54 days 20:40:00,12.625,0.9628
54 days 20:50:00,24.7948,1.6466
54 days 21:00:00,12.0441,0.6244
54 days 21:10:00,8.9418,0.3158
54 days 21:20:00,6.1986,0.662
54 days 21:30:00,14.6466,0.9525
54 days 21:40:00,18.2063,1.2024
54 days 21:50:00,11.9022,0.7521
54 days 22:00:00,13.8845,0.7213
54 days 22:10:00,9.7417,0.4689
54 days 22:20:00,17.2077,0.4533
54 days 22:30:00,7.5713,0.3996
54 days 22:40:00,6.2246,0.9163
54 days 22:50:00,7.8276,0.7615
54 days 23:00:00,5.6579,0.745
54 days 23:10:00,3.2983,0.2368
54 days 23:20:00,15.3612,0.7021
54 days 23:30:00,4.798,0.2048
54 days 23:40:00,7.3047,0.8049
54 days 23:50:00,9.9796,0.6894
55 days 00:00:00,8.054,0.6294
55 days 00:10:00,20.009,1.2824
55 days 00:20:00,9.7677,0.6903
55 days 00:30:00,10.1922,0.2399
55 days 00:40:00,10.8447,0.4301
55 days 00:50:00,9.0196,0.4962
55 days 01:00:00,5.3533,0.5853
55 days 01:10:00,12.5525,0.9759
55 days 01:20:00,14.8091,0.8109
55 days 01:30:00,15.6772,0.6733
55 days 01:40:00,21.2605,1.797
55 days 01:50:00,4.7238,0.5332
55 days 02:00:00,9.0007,0.6232
55 days 02:10:00,13.1844,0.8963
55 days 02:20:00,9.1743,0.5565
55 days 02:30:00,6.4093,0.5828
55 days 02:40:00,12.2595,1.0487
55 days 02:50:00,14.8922,0.6804
55 days 03:00:00,9.1526,0.6029
55 days 03:10:00,5.2119,0.4477
55 days 03:20:00,3.359,0.2708
55 days 03:30:00,9.1814,0.5728
55 days 03:40:00,3.8284,0.6266
55 days 03:50:00,10.5162,0.9193
55 days 04:00:00,11.0193,1.187
55 days 04:10:00,11.2535,0.4887
55 days 04:20:00,4.0969,0.1537
55 days 04:30:00,16.1045,1.2461
55 days 04:40:00,14.4672,1.4846
55 days 04:50:00,5.7726,0.5621
55 days 05:00:00,20.831,1.6516
55 days 05:10:00,17.2651,0.8263
55 days 05:20:00,7.3241,0.3287
55 days 05:30:00,8.8867,0.6018
55 days 05:40:00,13.409,0.725
55 days 05:50:00,10.87,0.4029
55 days 06:00:00,15.8198,1.0115
55 days 06:10:00,15.8773,1.5031
55 days 06:20:00,11.2774,0.6084
55 days 06:30:00,6.6495,0.4043
55 days 06:40:00,9.3151,0.6917
55 days 06:50:00,9.5581,0.438
55 days 07:00:00,13.958,0.7752
55 days 07:10:00,4.8192,0.3843
55 days 07:20:00,14.5798,0.5269
55 days 07:30:00,14.8702,0.7509
55 days 07:40:00,17.2121,0.8504
55 days 07:50:00,14.6457,0.8832
55 days 08:00:00,13.9702,0.778
55 days 08:10:00,10.5114,0.5171
55 days 08:20:00,12.423,0.7531
55 days 08:30:00,9.5608,0.7317
55 days 08:40:00,6.5895,0.4914
55 days 08:50:00,8.3439,0.5927
55 days 09:00:00,6.8947,0.4726
55 days 09:10:00,10.0091,0.4749
55 days 09:20:00,8.6726,0.4592
55 days 09:30:00,6.6512,1.3215
55 days 09:40:00,6.2084,0.6731
55 days 09:50:00,14.394,0.581
55 days 10:00:00,10.2749,0.6893
55 days 10:10:00,12.9922,0.805
55 days 10:20:00,6.8961,0.768
55 days 10:30:00,8.7079,0.294
55 days 10:40:00,10.0756,0.2344
55 days 10:50:00,10.2376,0.6754
55 days 11:00:00,9.9291,0.8292
55 days 11:10:00,11.6307,0.3365
55 days 11:20:00,18.9686,1.6488
55 days 11:30:00,12.2641,0.8228
55 days 11:40:00,8.1018,0.4683
55 days 11:50:00,10.3557,0.7528
55 days 12:00:00,15.2126,1.3981
55 days 12:10:00,6.4265,0.6199
55 days 12:20:00,4.9077,0.4349
55 days 12:30:00,9.0426,0.5021
55 days 12:40:00,14.2007,0.4755
55 days 12:50:00,10.9614,0.539
55 days 13:00:00,8.2078,0.5822
55 days 13:10:00,9.1415,0.5876
55 days 13:20:00,10.1641,0.5577
55 days 13:30:00,14.9675,1.0164
55 days 13:40:00,5.3175,0.3639
55 days 13:50:00,8.1169,0.3085
55 days 14:00:00,4.276,0.4718
55 days 14:10:00,9.0617,0.5586
55 days 14:20:00,13.2158,0.9349
55 days 14:30:00,7.5754,0.1801
55 days 14:40:00,18.609,3.1049
55 days 14:50:00,15.4471,1.0462
55 days 15:00:00,9.1134,0.6785
55 days 15:10:00,15.6948,1.2837
55 days 15:20:00,7.5688,1.0398
55 days 15:30:00,6.224,0.529
55 days 15:40:00,13.6681,0.8381
55 days 15:50:00,12.6405,1.0463
55 days 16:00:00,13.6151,1.0776
55 days 16:10:00,4.5888,0.4063
55 days 16:20:00,12.2771,0.5717
55 days 16:30:00,13.5473,0.4259
55 days 16:40:00,8.978,0.6608
55 days 16:50:00,3.8184,0.2702
55 days 17:00:00,16.4823,1.0131
55 days 17:10:00,7.7931,0.3997
55 days 17:20:00,6.6999,0.7517
55 days 17:30:00,7.0896,0.5823
55 days 17:40:00,6.1354,0.3706
55 days 17:50:00,5.7217,0.3261
55 days 18:00:00,16.1443,0.7068
55 days 18:10:00,6.6761,0.4421
55 days 18:20:00,5.2163,0.2068
55 days 18:30:00,15.2026,1.0052
55 days 18:40:00,10.1524,0.7531
55 days 18:50:00,6.6285,0.2333
55 days 19:00:00,12.3098,0.8328
55 days 19:10:00,11.8245,0.9527
55 days 19:20:00,4.7278,0.5956
55 days 19:30:00,9.572,0.4543
55 days 19:40:00,16.3653,1.5792
55 days 19:50:00,13.9753,0.5767
55 days 20:00:00,9.8772,1.3947
55 days 20:10:00,7.8414,0.7231
55 days 20:20:00,10.1138,0.4362
55 days 20:30:00,14.5109,1.153
55 days 20:40:00,14.6578,0.6025
55 days 20:50:00,13.9845,0.7695
55 days 21:00:00,23.5416,1.8548
55 days 21:10:00,13.6446,1.3332
55 days 21:20:00,8.467,0.4442
55 days 21:30:00,12.6381,1.3072
55 days 21:40:00,5.2345,0.5431
55 days 21:50:00,3.7705,0.1684
55 days 22:00:00,12.6363,0.6227
55 days 22:10:00,11.0544,0.5007
55 days 22:20:00,19.1385,1.5273
55 days 22:30:00,9.7638,0.5848
55 days 22:40:00,8.5586,0.4615
55 days 22:50:00,11.1718,1.0737
55 days 23:00:00,9.3041,0.5161
55 days 23:10:00,18.3504,1.4058
55 days 23:20:00,4.3645,0.6367
55 days 23:30:00,5.7805,0.2237
55 days 23:40:00,8.6222,0.5344
55 days 23:50:00,10.3657,0.7561
56 days 00:00:00,10.2098,0.6039
56 days 00:10:00,9.9523,0.5659
56 days 00:20:00,19.6448,1.573
56 days 00:30:00,12.0688,0.8213
56 days 00:40:00,9.7488,0.4663
56 days 00:50:00,16.6476,0.7611
56 days 01:00:00,5.9733,0.3115
56 days 01:10:00,9.8824,0.6983
56 days 01:20:00,5.929,0.2801
56 days 01:30:00,12.9183,0.5591
56 days 01:40:00,19.3702,0.6159
56 days 01:50:00,3.7635,0.3043
56 days 02:00:00,6.4514,0.3588
56 days 02:10:00,4.9058,0.5066
56 days 02:20:00,12.4572,0.572
56 days 02:30:00,8.293,0.3122
56 days 02:40:00,9.9141,1.0907
56 days 02:50:00,12.7425,0.8771
56 days 03:00:00,3.7207,0.188
56 days 03:10:00,10.4693,0.9518
56 days 03:20:00,20.4556,1.6757
56 days 03:30:00,14.0259,0.4494
56 days 03:40:00,12.6174,1.2841
56 days 03:50:00,28.2743,2.4561
56 days 04:00:00,6.6821,0.4655
56 days 04:10:00,12.5999,0.8682
56 days 04:20:00,13.1952,0.5872
56 days 04:30:00,8.3685,0.8584
56 days 04:40:00,13.3881,1.3964
56 days 04:50:00,10.7345,0.3583
56 days 05:00:00,12.2149,0.4464
56 days 05:10:00,8.0846,0.8
56 days 05:20:00,20.7171,1.3437
56 days 05:30:00,13.1038,0.8184
56 days 05:40:00,8.9892,0.6613
56 days 05:50:00,9.3149,0.4025
56 days 06:00:00,4.8818,0.3852
56 days 06:10:00,5.8188,0.2155
56 days 06:20:00,5.9437,0.624
56 days 06:30:00,10.3176,0.5545
56 days 06:40:00,9.694,0.7351
56 days 06:50:00,6.126,0.5178
56 days 07:00:00,13.2559,0.7895
56 days 07:10:00,13.4177,1.1161
56 days 07:20:00,3.8746,0.2141
56 days 07:30:00,6.4995,0.1193
56 days 07:40:00,6.6372,0.2849
56 days 07:50:00,9.8076,0.8062
56 days 08:00:00,15.741,1.2047
56 days 08:10:00,14.2634,1.0019
56 days 08:20:00,12.1102,0.7406
56 days 08:30:00,10.7501,0.8025
56 days 08:40:00,19.3726,1.5436
56 days 08:50:00,4.8857,0.2787
56 days 09:00:00,23.4459,1.6616
56 days 09:10:00,11.2092,0.7837
56 days 09:20:00,10.7553,0.8488
56 days 09:30:00,8.9797,0.543
56 days 09:40:00,15.456,0.9066
56 days 09:50:00,13.521,0.4896
56 days 10:00:00,8.7468,0.7471
56 days 10:10:00,4.9329,0.3914
56 days 10:20:00,12.8028,1.2889
56 days 10:30:00,12.5399,1.136
56 days 10:40:00,12.9746,0.4025
56 days 10:50:00,18.0627,0.8634
56 days 11:00:00,14.5661,0.4392
56 days 11:10:00,8.8402,0.7999
56 days 11:20:00,4.2278,0.3629
56 days 11:30:00,9.4238,0.8221
56 days 11:40:00,5.29,0.4048
56 days 11:50:00,16.1902,2.0061
56 days 12:00:00,12.2762,0.1655
56 days 12:10:00,10.4769,0.5043
56 days 12:20:00,4.7947,0.4343
56 days 12:30:00,5.8985,0.4117
56 days 12:40:00,9.8138,0.6646
56 days 12:50:00,15.1885,0.832
56 days 13:00:00,11.252,0.5756
56 days 13:10:00,9.6697,0.7198
56 days 13:20:00,8.3636,0.3358
56 days 13:30:00,18.7546,1.2632
56 days 13:40:00,10.2268,0.5388
56 days 13:50:00,3.8954,0.2688
56 days 14:00:00,3.4387,0.2427
56 days 14:10:00,19.3092,1.6701
56 days 14:20:00,8.9738,0.6115
56 days 14:30:00,8.3139,0.5114
56 days 14:40:00,11.1313,0.7213
56 days 14:50:00,8.8053,0.6753
56 days 15:00:00,11.8652,0.2643
56 days 15:10:00,10.3759,0.709
56 days 15:20:00,7.3047,0.8049
56 days 15:30:00,11.3618,0.9478
56 days 15:40:00,12.6974,0.7203
56 days 15:50:00,13.8547,0.726
56 days 16:00:00,10.3731,0.6665
56 days 16:10:00,4.6778,0.3763
56 days 16:20:00,10.3008,0.6959
56 days 16:30:00,10.8485,0.7288
56 days 16:40:00,14.5204,1.3721
56 days 16:50:00,7.9524,0.3952
56 days 17:00:00,7.8855,0.6465
56 days 17:10:00,4.835,0.5163
56 days 17:20:00,16.5521,1.3869
56 days 17:30:00,3.951,0.5906
56 days 17:40:00,10.2393,0.8046
56 days 17:50:00,7.0352,0.1655
56 days 18:00:00,7.0334,0.3207
56 days 18:10:00,13.8632,0.7717
56 days 18:20:00,19.5789,1.0024
56 days 18:30:00,11.7972,0.801
56 days 18:40:00,12.8259,1.3193
56 days 18:50:00,11.1994,0.617
56 days 19:00:00,9.5318,0.7026
56 days 19:10:00,10.5215,0.4904
56 days 19:20:00,7.6397,0.6314
56 days 19:30:00,9.0966,0.5451
56 days 19:40:00,5.6118,0.2886
56 days 19:50:00,16.1287,1.3667
56 days 20:00:00,9.4997,0.6879
56 days 20:10:00,9.5854,0.4002
56 days 20:20:00,4.5274,0.5006
56 days 20:30:00,12.6948,0.6701
56 days 20:40:00,3.7008,0.4182
56 days 20:50:00,8.0891,0.5666
56 days 21:00:00,16.4897,1.2818
56 days 21:10:00,9.9777,0.4998
56 days 21:20:00,21.676,1.2883
56 days 21:30:00,21.7138,2.11
56 days 21:40:00,5.3492,0.228
56 days 21:50:00,15.243,0.7375
56 days 22:00:00,13.0714,0.4981
56 days 22:10:00,16.3906,1.3148
56 days 22:20:00,14.334,1.0484
56 days 22:30:00,17.6778,1.5859
56 days 22:40:00,11.6653,0.4955
56 days 22:50:00,8.0742,0.4553
56 days 23:00:00,12.3456,0.8939
56 days 23:10:00,9.1743,0.6787
56 days 23:20:00,11.0525,0.4813
56 days 23:30:00,8.0645,0.3739
56 days 23:40:00,8.9433,0.6049
56 days 23:50:00,8.7906,0.3179
57 days 00:00:00,11.2436,0.6316
57 days 00:10:00,20.2719,1.1059
57 days 00:20:00,15.0281,1.6858
57 days 00:30:00,7.1331,0.2633
57 days 00:40:00,4.2512,0.5152
57 days 00:50:00,10.2628,0.3129
57 days 01:00:00,17.5051,1.1351
57 days 01:10:00,12.1267,0.2731
57 days 01:20:00,7.0617,0.3799
57 days 01:30:00,13.7641,0.4174
57 days 01:40:00,9.3836,0.4281
57 days 01:50:00,4.8682,0.1157
57 days 02:00:00,9.6367,0.2945
57 days 02:10:00,8.2863,0.4536
57 days 02:20:00,10.0717,0.6836
57 days 02:30:00,12.1289,0.4206
57 days 02:40:00,14.0882,0.7259
57 days 02:50:00,12.1249,0.6592
57 days 03:00:00,14.0491,0.3845
57 days 03:10:00,15.8774,0.549
57 days 03:20:00,10.3589,0.6278
57 days 03:30:00,7.6552,0.5374
57 days 03:40:00,15.4053,0.551
57 days 03:50:00,6.1704,0.3675
57 days 04:00:00,5.4973,0.606
57 days 04:10:00,7.5053,0.3834
57 days 04:20:00,10.2663,0.5257
57 days 04:30:00,6.8831,0.5046
57 days 04:40:00,10.1792,1.2507
57 days 04:50:00,15.0005,0.5819
57 days 05:00:00,6.3104,0.5825
57 days 05:10:00,9.0912,0.5911
57 days 05:20:00,9.1411,0.2826
57 days 05:30:00,17.8991,1.2869
57 days 05:40:00,19.7304,1.2891
57 days 05:50:00,13.6656,0.9811
57 days 06:00:00,7.5771,0.2905
57 days 06:10:00,6.6345,0.4251
57 days 06:20:00,8.453,0.3505
57 days 06:30:00,11.6007,1.1314
57 days 06:40:00,9.2364,0.2962
57 days 06:50:00,13.0736,0.6958
57 days 07:00:00,13.3662,0.5688
57 days 07:10:00,10.5738,0.7067
57 days 07:20:00,14.5626,0.7472
57 days 07:30:00,4.8919,0.5645
57 days 07:40:00,12.2653,0.8178
57 days 07:50:00,11.9286,1.247
57 days 08:00:00,6.2451,0.5249
57 days 08:10:00,8.009,0.9123
57 days 08:20:00,12.9162,0.1874
57 days 08:30:00,13.0275,0.4371
57 days 08:40:00,14.1617,1.2713
57 days 08:50:00,11.5444,0.7911
57 days 09:00:00,4.7165,0.3
57 days 09:10:00,5.8451,0.3936
57 days 09:20:00,17.0037,1.2311
57 days 09:30:00,11.4968,0.4043
57 days 09:40:00,5.3534,0.6184
57 days 09:50:00,9.5906,0.3571
57 days 10:00:00,8.795,0.2989
57 days 10:10:00,13.6148,0.6284
57 days 10:20:00,24.0107,2.1144
57 days 10:30:00,7.2089,0.1488
57 days 10:40:00,12.1207,0.4673
57 days 10:50:00,7.8884,0.9597
57 days 11:00:00,13.2457,0.948
57 days 11:10:00,13.6927,1.4699
57 days 11:20:00,3.5466,0.3382
57 days 11:30:00,29.5393,2.9743
57 days 11:40:00,4.0041,0.2168
57 days 11:50:00,9.9556,0.6401
57 days 12:00:00,9.3324,0.61
57 days 12:10:00,7.6377,0.6212
57 days 12:20:00,6.6649,0.2938
57 days 12:30:00,8.3601,0.3193
57 days 12:40:00,9.3355,0.5881
57 days 12:50:00,14.913,0.4623
57 days 13:00:00,14.4076,0.4409
57 days 13:10:00,15.4393,0.936
57 days 13:20:00,12.0103,0.4618
57 days 13:30:00,15.7653,1.5182
57 days 13:40:00,7.3256,0.3861
57 days 13:50:00,4.6328,0.544
57 days 14:00:00,9.4172,0.5469
57 days 14:10:00,16.8579,0.7988
57 days 14:20:00,11.6115,0.3978
57 days 14:30:00,3.6734,0.1506
57 days 14:40:00,6.0314,0.2955
57 days 14:50:00,6.0409,0.3971
57 days 15:00:00,7.6503,0.4585
57 days 15:10:00,13.2432,0.6846
57 days 15:20:00,14.484,0.8358
57 days 15:30:00,12.1359,0.3915
57 days 15:40:00,14.3738,0.9854
57 days 15:50:00,7.6058,0.3113
57 days 16:00:00,12.7265,0.6111
57 days 16:10:00,19.2571,0.9806
57 days 16:20:00,5.6914,0.8268
57 days 16:30:00,13.9496,0.9589
57 days 16:40:00,11.9833,0.5546
57 days 16:50:00,12.6491,0.7991
57 days 17:00:00,6.8498,0.5563
57 days 17:10:00,16.0508,1.5861
57 days 17:20:00,10.1851,0.7224
57 days 17:30:00,17.9173,1.96
57 days 17:40:00,19.5988,1.5796
57 days 17:50:00,3.347,0.2939
57 days 18:00:00,8.768,0.5802
57 days 18:10:00,19.1494,1.4853
57 days 18:20:00,23.2594,2.4247
57 days 18:30:00,9.4435,0.3636
57 days 18:40:00,13.2341,0.8186
57 days 18:50:00,12.9879,0.6066
57 days 19:00:00,12.2366,0.9048
57 days 19:10:00,6.5787,0.6579
57 days 19:20:00,9.3573,0.753
57 days 19:30:00,7.8776,0.3021
57 days 19:40:00,10.0341,0.523
57 days 19:50:00,12.1869,0.994
57 days 20:00:00,4.4645,0.2573
57 days 20:10:00,11.43,0.8417
57 days 20:20:00,20.4325,1.0391
57 days 20:30:00,12.1934,0.6189
57 days 20:40:00,16.8437,0.8991
57 days 20:50:00,8.5058,0.2385
57 days 21:00:00,8.3157,0.7564
57 days 21:10:00,8.0333,0.4114
57 days 21:20:00,6.6282,0.5519
57 days 21:30:00,9.3966,0.5802
57 days 21:40:00,12.7335,0.5427
57 days 21:50:00,12.4923,0.8784
57 days 22:00:00,13.529,1.0795
57 days 22:10:00,6.3105,0.4567
57 days 22:20:00,15.8039,0.9689
57 days 22:30:00,19.7824,1.9027
57 days 22:40:00,16.3925,0.8739
57 days 22:50:00,16.5056,0.8895
57 days 23:00:00,5.5706,0.4691
57 days 23:10:00,10.4808,0.9243
57 days 23:20:00,9.378,0.7085
57 days 23:30:00,10.4215,0.7829
57 days 23:40:00,8.7724,0.544
57 days 23:50:00,8.0206,0.4012
58 days 00:00:00,12.7311,0.5397
58 days 00:10:00,13.4963,0.2948
58 days 00:20:00,4.8354,0.3688
58 days 00:30:00,14.6507,0.9804
58 days 00:40:00,13.0296,0.8922
58 days 00:50:00,3.9006,0.6624
58 days 01:00:00,9.5617,0.6614
58 days 01:10:00,13.3686,0.5699
58 days 01:20:00,13.5464,0.7339
58 days 01:30:00,17.1732,0.429
58 days 01:40:00,10.4679,1.2721
58 days 01:50:00,11.9129,0.2327
58 days 02:00:00,9.1118,0.9044
58 days 02:10:00,19.9722,1.4625
58 days 02:20:00,18.8073,1.19
58 days 02:30:00,14.6344,0.8809
58 days 02:40:00,7.6122,0.7161
58 days 02:50:00,11.3703,0.5748
58 days 03:00:00,8.6478,0.824
58 days 03:10:00,11.6946,0.8895
58 days 03:20:00,12.8867,0.7501
58 days 03:30:00,15.9674,1.0926
58 days 03:40:00,8.7214,0.3048
58 days 03:50:00,7.1029,0.4573
58 days 04:00:00,6.0823,0.3014
58 days 04:10:00,4.6222,0.3311
58 days 04:20:00,8.1074,0.51
58 days 04:30:00,9.1735,0.5736
58 days 04:40:00,13.6597,0.409
58 days 04:50:00,6.5956,0.4003
58 days 05:00:00,16.3695,1.2051
58 days 05:10:00,18.4793,0.4955
58 days 05:20:00,14.1228,1.0216
58 days 05:30:00,5.7223,0.7497
58 days 05:40:00,12.9804,0.1876
58 days 05:50:00,8.89,0.2222
58 days 06:00:00,6.6464,0.4136
58 days 06:10:00,10.5202,0.8027
58 days 06:20:00,8.6454,0.3805
58 days 06:30:00,9.1469,0.3693
58 days 06:40:00,7.3556,0.5673
58 days 06:50:00,11.1479,0.9877
58 days 07:00:00,8.7311,0.4498
58 days 07:10:00,16.7343,1.3903
58 days 07:20:00,10.8516,0.6603
58 days 07:30:00,8.8359,0.3588
58 days 07:40:00,8.2427,0.431
58 days 07:50:00,6.5847,0.3753
58 days 08:00:00,17.4104,0.9864
58 days 08:10:00,11.3781,0.7593
58 days 08:20:00,4.9933,0.3165
58 days 08:30:00,9.2752,0.3749
58 days 08:40:00,6.3048,0.31
58 days 08:50:00,5.8117,0.3684
58 days 09:00:00,15.3492,1.0241
58 days 09:10:00,11.505,0.2933
58 days 09:20:00,20.6976,1.8941
58 days 09:30:00,4.3561,0.542
58 days 09:40:00,12.3822,0.4364
58 days 09:50:00,16.4651,1.243
58 days 10:00:00,23.0766,1.8771
58 days 10:10:00,9.2932,0.4693
58 days 10:20:00,7.1538,0.309
58 days 10:30:00,6.114,0.3015
58 days 10:40:00,10.9827,0.5076
58 days 10:50:00,13.0775,1.0327
58 days 11:00:00,12.4998,0.9444
58 days 11:10:00,12.387,0.6711
58 days 11:20:00,7.6985,0.5349
58 days 11:30:00,25.1599,1.8937
58 days 11:40:00,15.3357,0.6967
58 days 11:50:00,7.9761,0.3434
58 days 12:00:00,9.0114,0.5176
58 days 12:10:00,12.3054,1.0483
58 days 12:20:00,11.5608,0.8089
58 days 12:30:00,8.5614,0.4201
58 days 12:40:00,8.3401,1.147
58 days 12:50:00,4.9752,0.4218
58 days 13:00:00,5.4428,0.4764
58 days 13:10:00,9.6258,0.5594
58 days 13:20:00,10.0261,0.64
58 days 13:30:00,6.5778,0.3331
58 days 13:40:00,11.5916,0.1791
58 days 13:50:00,3.0404,0.3526
58 days 14:00:00,11.1185,0.6138
58 days 14:10:00,5.1595,0.5143
58 days 14:20:00,10.2046,0.4056
58 days 14:30:00,12.6814,1.2346
58 days 14:40:00,6.2744,0.4658
58 days 14:50:00,11.6426,0.7707
58 days 15:00:00,6.6358,0.413
58 days 15:10:00,10.513,0.5821
58 days 15:20:00,14.6815,0.8957
58 days 15:30:00,11.7626,0.5587
58 days 15:40:00,16.2648,0.978
58 days 15:50:00,11.9673,0.9609
58 days 16:00:00,17.5257,0.7811
58 days 16:10:00,10.3177,0.7141
58 days 16:20:00,8.4939,0.636
58 days 16:30:00,5.7926,0.4205
58 days 16:40:00,20.1749,1.1512
58 days 16:50:00,2.6057,0.2262
58 days 17:00:00,10.0243,0.2888
58 days 17:10:00,9.2285,1.1039
58 days 17:20:00,5.7065,0.2096
58 days 17:30:00,4.0675,0.2035
58 days 17:40:00,17.9541,2.1634
58 days 17:50:00,9.9236,0.4997
58 days 18:00:00,13.571,0.6827
58 days 18:10:00,6.2251,0.2419
58 days 18:20:00,7.9837,0.0957
58 days 18:30:00,18.7453,0.757
58 days 18:40:00,6.7419,0.5954
58 days 18:50:00,9.1791,0.3908
58 days 19:00:00,10.6831,0.8409
58 days 19:10:00,11.5813,1.0467
58 days 19:20:00,7.044,0.3603
58 days 19:30:00,16.4542,1.2262
58 days 19:40:00,9.9747,0.4978
58 days 19:50:00,4.2005,0.4047
58 days 20:00:00,14.1339,1.1877
58 days 20:10:00,10.9351,0.5055
58 days 20:20:00,10.1014,0.9178
58 days 20:30:00,9.825,0.4057
58 days 20:40:00,7.8976,0.5734
58 days 20:50:00,8.9376,0.4853
58 days 21:00:00,7.0273,0.4171
58 days 21:10:00,6.7472,0.5074
58 days 21:20:00,6.3901,0.4896
58 days 21:30:00,13.4605,1.2196
58 days 21:40:00,9.9307,0.6607
58 days 21:50:00,3.3448,0.1421
58 days 22:00:00,4.9061,0.3272
58 days 22:10:00,6.005,0.1392
58 days 22:20:00,4.4494,0.5827
58 days 22:30:00,10.2296,0.5411
58 days 22:40:00,11.4313,0.6514
58 days 22:50:00,6.1205,0.1387
58 days 23:00:00,8.0077,0.3745
58 days 23:10:00,10.8175,0.7896
58 days 23:20:00,4.4939,0.3991
58 days 23:30:00,3.2991,0.2621
58 days 23:40:00,19.3515,1.2894
58 days 23:50:00,7.8687,0.4981
59 days 00:00:00,5.4769,0.2347
59 days 00:10:00,13.3269,0.7783
59 days 00:20:00,10.1159,0.1902
59 days 00:30:00,11.3964,1.6365
59 days 00:40:00,9.3796,0.5439
59 days 00:50:00,15.2012,0.7174
59 days 01:00:00,7.5226,0.5153
59 days 01:10:00,11.2528,0.6772
59 days 01:20:00,15.6218,1.0391
59 days 01:30:00,10.7351,0.3795
59 days 01:40:00,4.7405,0.6616
59 days 01:50:00,8.3356,0.4373
59 days 02:00:00,20.2547,1.5489
59 days 02:10:00,7.8788,0.4039
59 days 02:20:00,13.8847,1.0501
59 days 02:30:00,5.5459,0.4519
59 days 02:40:00,6.4558,0.4008
59 days 02:50:00,15.7591,0.7685
59 days 03:00:00,4.7499,0.3771
59 days 03:10:00,7.8515,0.5276
59 days 03:20:00,13.3266,0.7857
59 days 03:30:00,8.1525,0.3567
59 days 03:40:00,11.063,0.4166
59 days 03:50:00,12.3276,0.9977
59 days 04:00:00,16.6299,0.9883
59 days 04:10:00,7.7382,0.3259
59 days 04:20:00,13.8424,0.4956
59 days 04:30:00,10.0256,0.4006
59 days 04:40:00,9.8384,0.3012
59 days 04:50:00,10.8653,0.948
59 days 05:00:00,12.4824,0.3322
59 days 05:10:00,13.7826,0.4933
59 days 05:20:00,15.6193,0.902
59 days 05:30:00,10.5094,0.9134
59 days 05:40:00,18.7468,1.3535
59 days 05:50:00,12.6116,0.337
59 days 06:00:00,10.3322,0.5684
59 days 06:10:00,7.4612,0.2584
59 days 06:20:00,10.7724,0.6972
59 days 06:30:00,13.2603,0.6593
59 days 06:40:00,7.2786,0.537
59 days 06:50:00,14.2061,1.0524
59 days 07:00:00,14.4774,0.5331
59 days 07:10:00,10.7631,0.5289
59 days 07:20:00,17.1264,0.4981
59 days 07:30:00,5.0607,0.2681
59 days 07:40:00,6.8565,0.4716
59 days 07:50:00,8.8067,0.6647
59 days 08:00:00,13.2584,0.3223
59 days 08:10:00,8.4648,0.8904
59 days 08:20:00,15.6784,0.6676
59 days 08:30:00,14.5245,1.1702
59 days 08:40:00,14.5475,1.1993
59 days 08:50:00,7.3772,1.4113
59 days 09:00:00,14.251,0.8874
59 days 09:10:00,7.4426,0.1917
59 days 09:20:00,11.7575,0.6463
59 days 09:30:00,10.0887,0.5234
59 days 09:40:00,8.3359,0.5527
59 days 09:50:00,4.4821,0.5074
59 days 10:00:00,11.2285,0.5161
59 days 10:10:00,6.3312,0.4833
59 days 10:20:00,15.1467,1.0085
59 days 10:30:00,19.049,1.2652
59 days 10:40:00,11.2656,0.6036
59 days 10:50:00,19.0743,1.4489
59 days 11:00:00,3.6628,0.313
59 days 11:10:00,4.0796,0.3724
59 days 11:20:00,9.976,0.7081
59 days 11:30:00,12.1656,0.4379
59 days 11:40:00,4.2726,0.105
59 days 11:50:00,8.7557,0.2153
59 days 12:00:00,14.4703,0.8763
59 days 12:10:00,13.069,0.9012
59 days 12:20:00,12.4135,0.7463
59 days 12:30:00,10.4271,0.6638
59 days 12:40:00,16.9456,1.167
59 days 12:50:00,3.4643,0.1137
59 days 13:00:00,8.6609,0.5798
59 days 13:10:00,11.7518,0.4883
59 days 13:20:00,20.3264,1.4023
59 days 13:30:00,17.2123,2.5097
59 days 13:40:00,9.2657,0.7231
59 days 13:50:00,10.7596,0.2185
59 days 14:00:00,15.3397,0.872
59 days 14:10:00,8.7496,0.7456
59 days 14:20:00,9.5345,0.5228
59 days 14:30:00,6.3273,1.2423
59 days 14:40:00,8.3672,0.7264
59 days 14:50:00,5.2903,0.2176
59 days 15:00:00,11.336,0.8015
59 days 15:10:00,17.9187,1.3106
59 days 15:20:00,14.1839,0.4851
59 days 15:30:00,11.8559,0.4691
59 days 15:40:00,8.1913,0.6871
59 days 15:50:00,9.1875,0.3921
59 days 16:00:00,18.3965,1.1019
59 days 16:10:00,8.8749,0.6087
59 days 16:20:00,4.3914,0.5035
59 days 16:30:00,10.3678,0.7335
59 days 16:40:00,13.7907,0.7387
59 days 16:50:00,3.931,0.3495
59 days 17:00:00,17.2519,1.3632
59 days 17:10:00,7.7165,0.6165
59 days 17:20:00,17.4105,0.7861
59 days 17:30:00,11.8888,0.8991
59 days 17:40:00,11.3259,0.4275
59 days 17:50:00,23.4474,2.4984
59 days 18:00:00,5.2545,0.7363
59 days 18:10:00,5.3859,0.1059
59 days 18:20:00,8.159,0.4374
59 days 18:30:00,7.6362,0.3807
59 days 18:40:00,8.7037,0.3055
59 days 18:50:00,10.675,0.5503
59 days 19:00:00,15.2154,1.2143
59 days 19:10:00,7.2486,0.5847
59 days 19:20:00,9.6555,0.3954
59 days 19:30:00,9.1467,0.6006
59 days 19:40:00,12.6725,0.7191
59 days 19:50:00,17.9962,0.9664
59 days 20:00:00,7.1715,0.6282
59 days 20:10:00,11.9975,0.5534
59 days 20:20:00,8.2004,0.5353
59 days 20:30:00,9.0932,0.7395
59 days 20:40:00,17.313,1.0099
59 days 20:50:00,4.2679,0.0888
59 days 21:00:00,6.7786,0.262
59 days 21:10:00,14.171,0.9361
59 days 21:20:00,16.6982,0.9694
59 days 21:30:00,8.4318,0.3893
59 days 21:40:00,13.4918,0.9185
59 days 21:50:00,16.3463,0.5727
59 days 22:00:00,5.5674,0.5421
59 days 22:10:00,17.2546,0.8307
59 days 22:20:00,12.6658,0.7602
59 days 22:30:00,6.9683,0.2598
59 days 22:40:00,15.0108,0.9685
59 days 22:50:00,2.7861,0.1724
59 days 23:00:00,6.4139,0.4769
59 days 23:10:00,7.1114,0.3324
59 days 23:20:00,7.9352,0.2597
59 days 23:30:00,6.2528,0.2602
59 days 23:40:00,17.0987,1.3161
59 days 23:50:00,12.003,0.5968
60 days 00:00:00,4.4096,0.3183
60 days 00:10:00,17.0284,0.5908
60 days 00:20:00,11.9064,0.9036
60 days 00:30:00,5.2316,0.4616
60 days 00:40:00,9.0412,0.3974
60 days 00:50:00,9.4295,0.3445
60 days 01:00:00,5.1023,0.5431
60 days 01:10:00,15.1047,1.1261
60 days 01:20:00,13.6229,0.5316
60 days 01:30:00,13.5402,1.1865
60 days 01:40:00,14.179,0.6782
60 days 01:50:00,5.7597,0.4021
60 days 02:00:00,6.2141,0.5868
60 days 02:10:00,11.222,0.7322
60 days 02:20:00,15.399,0.6691
60 days 02:30:00,11.4833,0.6883
60 days 02:40:00,12.6657,0.8413
60 days 02:50:00,5.6584,0.2996
60 days 03:00:00,30.1165,2.103
60 days 03:10:00,15.5353,0.8633
60 days 03:20:00,6.6806,0.5495
60 days 03:30:00,8.8387,0.5355
60 days 03:40:00,11.2077,0.6557
60 days 03:50:00,11.8806,0.7479
60 days 04:00:00,12.7853,0.4842
60 days 04:10:00,4.1371,0.3725
60 days 04:20:00,9.8946,0.3689
60 days 04:30:00,13.4095,0.8041
60 days 04:40:00,17.7246,0.7523
60 days 04:50:00,6.8459,0.5222
60 days 05:00:00,10.4598,0.4574
60 days 05:10:00,13.3537,0.8897
60 days 05:20:00,4.2341,0.3204
60 days 05:30:00,9.4852,0.2339
60 days 05:40:00,7.2248,0.44
60 days 05:50:00,16.9494,1.3493
60 days 06:00:00,8.7833,0.8599
60 days 06:10:00,11.5101,0.1452
60 days 06:20:00,3.9889,0.1235
60 days 06:30:00,9.2193,0.757
60 days 06:40:00,10.462,0.4837
60 days 06:50:00,12.4695,0.1888
60 days 07:00:00,15.2137,0.6843
60 days 07:10:00,5.0755,0.234
60 days 07:20:00,18.3411,1.6204
60 days 07:30:00,14.1165,1.2729
60 days 07:40:00,5.0599,0.4204
60 days 07:50:00,16.8241,1.2466
60 days 08:00:00,13.2586,0.9155
60 days 08:10:00,14.2504,0.4528
60 days 08:20:00,17.7467,0.681
60 days 08:30:00,4.6146,0.5179
60 days 08:40:00,14.9364,1.1171
60 days 08:50:00,3.6296,0.4269
60 days 09:00:00,9.359,0.7573
60 days 09:10:00,13.7091,1.1314
60 days 09:20:00,12.6006,0.4313
60 days 09:30:00,12.3597,0.4835
60 days 09:40:00,14.2889,1.0001
60 days 09:50:00,9.9788,0.5857
60 days 10:00:00,5.0662,0.3636
60 days 10:10:00,11.4444,0.5727
60 days 10:20:00,9.5405,0.4578
60 days 10:30:00,8.7382,0.6479
60 days 10:40:00,9.3256,0.6267
60 days 10:50:00,7.7888,0.6154
60 days 11:00:00,12.2169,1.1318
60 days 11:10:00,11.4255,0.771
60 days 11:20:00,17.6218,1.3732
60 days 11:30:00,10.8349,0.9734
60 days 11:40:00,12.0322,0.2984
60 days 11:50:00,18.0172,1.4484
60 days 12:00:00,12.3655,0.7765
60 days 12:10:00,14.0342,1.8772
60 days 12:20:00,16.3772,0.2685
60 days 12:30:00,11.358,0.5727
60 days 12:40:00,20.8905,2.1927
60 days 12:50:00,15.7248,1.1519
60 days 13:00:00,8.0428,0.2568
60 days 13:10:00,6.9028,0.583
60 days 13:20:00,16.573,0.9965
60 days 13:30:00,18.6166,1.2037
60 days 13:40:00,14.516,0.8362
60 days 13:50:00,11.3496,0.7544
60 days 14:00:00,3.747,0.5161
60 days 14:10:00,7.1502,0.5024
60 days 14:20:00,15.0354,1.0139
60 days 14:30:00,7.1133,0.424
60 days 14:40:00,16.3947,1.2817
60 days 14:50:00,13.3919,0.7005
60 days 15:00:00,13.5486,0.2793
60 days 15:10:00,20.363,1.0673
60 days 15:20:00,13.3767,0.8957
60 days 15:30:00,13.1567,0.6141
60 days 15:40:00,12.4931,0.854
60 days 15:50:00,17.6459,1.2277
60 days 16:00:00,10.2647,0.3573
60 days 16:10:00,3.6148,0.3303
60 days 16:20:00,16.8316,0.9588
60 days 16:30:00,14.3454,0.4479
60 days 16:40:00,7.5185,0.495
60 days 16:50:00,10.4155,0.837
60 days 17:00:00,6.8082,0.2905
60 days 17:10:00,13.2496,1.7276
60 days 17:20:00,3.7973,0.211
60 days 17:30:00,13.5224,0.4544
60 days 17:40:00,6.5934,0.7098
60 days 17:50:00,5.7088,0.5667
60 days 18:00:00,14.7495,0.579
60 days 18:10:00,3.8766,0.2707
60 days 18:20:00,18.6365,1.5597
60 days 18:30:00,5.4176,0.6415
60 days 18:40:00,16.5176,0.9063
60 days 18:50:00,16.9977,0.6235
60 days 19:00:00,12.905,0.5907
60 days 19:10:00,8.5564,0.755
60 days 19:20:00,14.1769,0.3039
60 days 19:30:00,8.3508,0.7624
60 days 19:40:00,19.8366,1.5949
60 days 19:50:00,9.3639,0.5688
60 days 20:00:00,9.3157,0.5564
60 days 20:10:00,11.0762,0.7571
60 days 20:20:00,6.5585,0.3865
60 days 20:30:00,6.5418,0.5802
60 days 20:40:00,9.8907,0.7377
60 days 20:50:00,17.7383,1.503
60 days 21:00:00,12.2063,0.7167
60 days 21:10:00,9.3753,0.7267
60 days 21:20:00,6.7663,0.333
60 days 21:30:00,3.2175,0.2051
60 days 21:40:00,8.2942,0.8115
60 days 21:50:00,13.8187,0.8514
60 days 22:00:00,14.4281,0.7689
60 days 22:10:00,14.5589,0.8319
60 days 22:20:00,9.5545,0.3904
60 days 22:30:00,5.8925,0.3971
60 days 22:40:00,16.1028,0.8181
60 days 22:50:00,13.0019,0.5821
60 days 23:00:00,4.7847,0.1981
60 days 23:10:00,7.4591,0.3701
60 days 23:20:00,9.4355,0.5349
60 days 23:30:00,9.3234,0.6152
60 days 23:40:00,13.6818,0.475
60 days 23:50:00,4.1228,0.3311
61 days 00:00:00,9.6493,0.5615
61 days 00:10:00,7.7059,0.5925
61 days 00:20:00,6.9171,0.7247
61 days 00:30:00,13.397,1.1185
61 days 00:40:00,13.676,0.8001
61 days 00:50:00,4.0793,0.6056
61 days 01:00:00,8.2389,0.6601
61 days 01:10:00,10.3608,0.3575
61 days 01:20:00,14.7359,0.608
61 days 01:30:00,9.39,0.6338
61 days 01:40:00,14.0594,0.8752
61 days 01:50:00,12.7481,1.1875
61 days 02:00:00,11.2997,0.1842
61 days 02:10:00,8.3042,0.4613
61 days 02:20:00,6.6394,0.6227
61 days 02:30:00,12.2108,1.0495
61 days 02:40:00,9.1577,0.5046
61 days 02:50:00,13.3454,0.8383
61 days 03:00:00,14.4563,1.0475
61 days 03:10:00,7.3078,0.5179
61 days 03:20:00,11.7675,0.3441
61 days 03:30:00,7.321,0.2056
61 days 03:40:00,16.014,0.5307
61 days 03:50:00,13.8749,0.8884
61 days 04:00:00,16.6031,1.3989
61 days 04:10:00,8.676,0.5958
61 days 04:20:00,19.6952,1.4475
61 days 04:30:00,9.8031,0.499
61 days 04:40:00,3.8329,0.5278
61 days 04:50:00,16.6384,1.6634
61 days 05:00:00,11.0043,0.7078
61 days 05:10:00,9.8225,0.6222
61 days 05:20:00,8.5156,0.4438
61 days 05:30:00,8.6409,0.7217
61 days 05:40:00,14.1745,1.052
61 days 05:50:00,7.1162,0.687
61 days 06:00:00,17.5762,1.7092
61 days 06:10:00,10.1626,0.9654
61 days 06:20:00,4.1514,0.4612
61 days 06:30:00,13.2846,0.5325
61 days 06:40:00,10.1364,0.6286
61 days 06:50:00,13.6611,1.0047
61 days 07:00:00,17.4177,1.0922
61 days 07:10:00,11.0141,0.7555
61 days 07:20:00,7.5144,0.6917
61 days 07:30:00,11.3207,0.8963
61 days 07:40:00,5.6735,0.8196
61 days 07:50:00,8.1194,0.4251
61 days 08:00:00,7.0877,0.7342
61 days 08:10:00,14.4013,0.9177
61 days 08:20:00,7.0197,0.4183
61 days 08:30:00,11.5626,0.9345
61 days 08:40:00,11.3568,1.1375
61 days 08:50:00,7.4582,1.0864
61 days 09:00:00,12.8434,0.8534
61 days 09:10:00,12.5264,0.2881
61 days 09:20:00,9.3071,0.754
61 days 09:30:00,11.6361,0.4455
61 days 09:40:00,8.7082,0.7646
61 days 09:50:00,9.4713,0.8309
61 days 10:00:00,13.0881,0.371
61 days 10:10:00,15.0335,0.5214
61 days 10:20:00,8.3146,0.2444
61 days 10:30:00,15.2399,0.9672
61 days 10:40:00,9.8602,0.3884
61 days 10:50:00,11.111,0.7458
61 days 11:00:00,6.2045,0.3749
61 days 11:10:00,4.0187,0.4034
61 days 11:20:00,3.8287,0.2579
61 days 11:30:00,12.3975,0.7822
61 days 11:40:00,8.2077,0.3499
61 days 11:50:00,12.8579,0.8267
61 days 12:00:00,11.5759,0.5457
61 days 12:10:00,4.9452,0.1236
61 days 12:20:00,9.3406,0.5653
61 days 12:30:00,16.9072,0.7356
61 days 12:40:00,4.8895,0.4094
61 days 12:50:00,11.9193,0.4093
61 days 13:00:00,14.7404,0.8764
61 days 13:10:00,7.8456,0.4983
61 days 13:20:00,7.9027,0.6926
61 days 13:30:00,5.536,0.5768
61 days 13:40:00,5.9037,0.5436
61 days 13:50:00,9.7088,0.5898
61 days 14:00:00,4.2663,0.5317
61 days 14:10:00,5.4719,0.3549
61 days 14:20:00,13.1382,1.5326
61 days 14:30:00,4.5717,0.28
61 days 14:40:00,16.2076,0.9436
61 days 14:50:00,7.119,0.2803
61 days 15:00:00,9.8266,0.6538
61 days 15:10:00,12.3691,0.2138
61 days 15:20:00,4.9063,0.3677
61 days 15:30:00,15.2196,0.9164
61 days 15:40:00,18.5922,1.0055
61 days 15:50:00,16.4601,1.2604
61 days 16:00:00,5.7358,0.278
61 days 16:10:00,13.7143,0.8536
61 days 16:20:00,7.7747,0.617
61 days 16:30:00,8.6345,0.2931
61 days 16:40:00,12.9234,0.698
61 days 16:50:00,13.2156,1.3854
61 days 17:00:00,15.6004,0.9488
61 days 17:10:00,13.5528,0.7295
61 days 17:20:00,9.7105,0.5116
61 days 17:30:00,5.6984,0.4324
61 days 17:40:00,16.8434,2.7009
61 days 17:50:00,4.8299,0.4648
61 days 18:00:00,13.5179,0.7729
61 days 18:10:00,8.7879,0.6909
61 days 18:20:00,20.5543,1.9476
61 days 18:30:00,9.9319,0.5574
61 days 18:40:00,17.0693,1.4369
61 days 18:50:00,4.5545,0.4334
61 days 19:00:00,11.7448,0.9644
61 days 19:10:00,5.2258,0.1446
61 days 19:20:00,10.9085,0.2386
61 days 19:30:00,4.7319,0.4339
61 days 19:40:00,5.8494,0.3734
61 days 19:50:00,15.2449,1.3952
61 days 20:00:00,7.7977,0.5443
61 days 20:10:00,13.7368,1.0563
61 days 20:20:00,10.4195,0.4291
61 days 20:30:00,6.6589,0.4236
61 days 20:40:00,10.095,0.4139
61 days 20:50:00,4.636,0.6789
61 days 21:00:00,16.1164,1.4647
61 days 21:10:00,12.3089,0.4136
61 days 21:20:00,9.4104,0.6336
61 days 21:30:00,4.4476,0.2901
61 days 21:40:00,10.0263,0.3928
61 days 21:50:00,6.6569,0.6648
61 days 22:00:00,13.922,0.6861
61 days 22:10:00,11.5701,0.552
61 days 22:20:00,12.7139,0.5309
61 days 22:30:00,21.9195,1.504
61 days 22:40:00,16.1436,0.5494
61 days 22:50:00,10.6176,0.5471
61 days 23:00:00,17.7317,1.3318
61 days 23:10:00,14.0956,3.2734
61 days 23:20:00,9.9833,0.887
61 days 23:30:00,11.4462,0.6936
61 days 23:40:00,15.464,0.6797
61 days 23:50:00,9.2562,0.6054
62 days 00:00:00,5.8703,0.5991
62 days 00:10:00,6.9177,1.1812
62 days 00:20:00,5.5381,0.6431
62 days 00:30:00,11.33,0.5864
62 days 00:40:00,6.8943,0.2131
62 days 00:50:00,7.3061,0.5688
62 days 01:00:00,17.1715,1.0559
62 days 01:10:00,5.1937,0.9542
62 days 01:20:00,12.0125,0.2402
62 days 01:30:00,10.6916,0.3862
62 days 01:40:00,5.3625,0.3668
62 days 01:50:00,13.9484,0.9651
62 days 02:00:00,13.4342,0.9716
62 days 02:10:00,9.4191,0.4951
62 days 02:20:00,4.7728,0.103
62 days 02:30:00,7.3625,0.4258
62 days 02:40:00,8.3299,0.3736
62 days 02:50:00,12.5519,1.0842
62 days 03:00:00,2.949,0.1374
62 days 03:10:00,13.9168,1.0014
62 days 03:20:00,11.855,0.9154
62 days 03:30:00,14.4869,0.9904
62 days 03:40:00,13.8163,1.0041
62 days 03:50:00,4.7856,0.5049
62 days 04:00:00,7.7373,0.6028
62 days 04:10:00,8.8666,0.8883
62 days 04:20:00,10.6731,0.8322
62 days 04:30:00,9.9325,0.5078
62 days 04:40:00,4.785,0.5631
62 days 04:50:00,7.9571,0.1391
62 days 05:00:00,8.6558,0.2713
62 days 05:10:00,17.4035,1.0769
62 days 05:20:00,5.112,0.5987
62 days 05:30:00,8.8123,0.527
62 days 05:40:00,13.1801,0.8938
62 days 05:50:00,7.678,0.5953
62 days 06:00:00,7.8188,0.6902
62 days 06:10:00,10.3032,0.6934
62 days 06:20:00,15.5204,1.0475
62 days 06:30:00,10.7345,0.3583
62 days 06:40:00,3.1874,0.3052
62 days 06:50:00,3.7747,0.2064
62 days 07:00:00,14.7828,0.4906
62 days 07:10:00,6.65,0.5638
62 days 07:20:00,9.9203,0.1816
62 days 07:30:00,9.4439,0.9073
62 days 07:40:00,10.7035,0.4818
62 days 07:50:00,12.3292,1.1932
62 days 08:00:00,12.4415,0.6353
62 days 08:10:00,5.995,0.3098
62 days 08:20:00,7.5756,0.554
62 days 08:30:00,7.4453,0.2103
62 days 08:40:00,5.0084,0.5798
62 days 08:50:00,9.2714,0.6592
62 days 09:00:00,3.7061,0.5662
62 days 09:10:00,14.5692,0.963
62 days 09:20:00,10.5765,0.9027
62 days 09:30:00,16.3081,1.1363
62 days 09:40:00,5.8826,0.3602
62 days 09:50:00,10.6521,1.0055
62 days 10:00:00,13.7257,1.0168
62 days 10:10:00,5.8527,0.7284
62 days 10:20:00,16.7227,0.9196
62 days 10:30:00,5.6503,0.5576
62 days 10:40:00,12.6033,0.4385
62 days 10:50:00,16.0704,1.0266
62 days 11:00:00,10.3707,0.3516
62 days 11:10:00,22.6764,2.336
62 days 11:20:00,9.1137,0.3404
62 days 11:30:00,5.5267,0.3864
62 days 11:40:00,3.9491,0.4068
62 days 11:50:00,8.5128,1.8697
62 days 12:00:00,12.9264,0.6968
62 days 12:10:00,7.8688,0.5114
62 days 12:20:00,4.5446,0.3356
62 days 12:30:00,5.0259,0.661
62 days 12:40:00,12.1002,1.1206
62 days 12:50:00,13.9917,0.8355
62 days 13:00:00,12.0645,0.7941
62 days 13:10:00,7.9972,0.5005
62 days 13:20:00,15.904,1.1513
62 days 13:30:00,15.2349,0.4111
62 days 13:40:00,11.7779,0.7363
62 days 13:50:00,10.3488,0.6586
62 days 14:00:00,15.2084,0.9655
62 days 14:10:00,13.2458,1.2764
62 days 14:20:00,4.6452,0.5924
62 days 14:30:00,3.9992,0.3029
62 days 14:40:00,15.2931,1.162
62 days 14:50:00,14.6616,1.0396
62 days 15:00:00,17.7569,2.3415
62 days 15:10:00,9.506,1.0237
62 days 15:20:00,11.1013,0.6506
62 days 15:30:00,11.1057,0.7691
62 days 15:40:00,10.4276,0.6721
62 days 15:50:00,15.3852,0.3468
62 days 16:00:00,9.165,0.6146
62 days 16:10:00,12.6879,0.9576
62 days 16:20:00,10.4404,0.6852
62 days 16:30:00,12.7587,0.7001
62 days 16:40:00,15.082,0.7241
62 days 16:50:00,14.8757,0.5918
62 days 17:00:00,22.8177,1.6373
62 days 17:10:00,13.0714,0.8423
62 days 17:20:00,7.4811,0.5664
62 days 17:30:00,6.4209,0.1106
62 days 17:40:00,9.2854,0.7617
62 days 17:50:00,14.6735,0.7617
62 days 18:00:00,14.2183,0.7251
62 days 18:10:00,3.6064,0.3676
62 days 18:20:00,10.8581,0.4378
62 days 18:30:00,9.1797,0.8162
62 days 18:40:00,17.2053,1.1553
62 days 18:50:00,8.1052,0.5939
62 days 19:00:00,3.0168,0.1353
62 days 19:10:00,4.1582,0.4855
62 days 19:20:00,8.2941,0.7173
62 days 19:30:00,16.8908,1.166
62 days 19:40:00,9.7973,0.6409
62 days 19:50:00,16.181,1.1376
62 days 20:00:00,10.3662,0.7245
62 days 20:10:00,6.931,0.097
62 days 20:20:00,15.6688,0.9662
62 days 20:30:00,8.6374,0.4868
62 days 20:40:00,17.7221,0.6836
62 days 20:50:00,19.1449,1.2857
62 days 21:00:00,9.6065,0.4844
62 days 21:10:00,11.2932,0.8532
62 days 21:20:00,2.9769,0.248
62 days 21:30:00,11.6579,0.5896
62 days 21:40:00,16.2689,0.8985
62 days 21:50:00,4.4251,0.3686
62 days 22:00:00,15.4868,0.9595
62 days 22:10:00,9.6699,0.679
62 days 22:20:00,10.9262,0.62
62 days 22:30:00,15.8999,0.7772
62 days 22:40:00,13.5939,0.3484
62 days 22:50:00,4.4845,0.4451
62 days 23:00:00,5.6403,0.326
62 days 23:10:00,13.1895,1.0009
62 days 23:20:00,18.6947,1.3289
62 days 23:30:00,12.2874,1.1422
62 days 23:40:00,13.5283,0.5026
62 days 23:50:00,12.1312,0.69
63 days 00:00:00,5.1692,0.3315
63 days 00:10:00,5.8703,0.5991
63 days 00:20:00,19.7463,1.9228
63 days 00:30:00,6.3653,0.2947
63 days 00:40:00,17.4589,0.9758
63 days 00:50:00,5.1527,0.6802
63 days 01:00:00,5.9037,0.5436
63 days 01:10:00,12.2635,1.115
63 days 01:20:00,7.4017,0.2042
63 days 01:30:00,13.1484,0.5595
63 days 01:40:00,5.6411,0.762
63 days 01:50:00,17.1328,0.522
63 days 02:00:00,14.5619,1.08
63 days 02:10:00,12.2888,0.6801
63 days 02:20:00,6.6803,0.2611
63 days 02:30:00,14.6578,1.4146
63 days 02:40:00,11.3282,0.5166
63 days 02:50:00,10.7148,0.5642
63 days 03:00:00,7.1378,0.2032
63 days 03:10:00,7.7266,0.7081
63 days 03:20:00,17.9705,0.7469
63 days 03:30:00,7.3858,0.4197
63 days 03:40:00,15.216,1.2639
63 days 03:50:00,17.2946,1.2405
63 days 04:00:00,12.6577,0.3119
63 days 04:10:00,13.1704,0.2422
63 days 04:20:00,5.8663,0.5866
63 days 04:30:00,12.0211,1.164
63 days 04:40:00,9.1619,0.3564
63 days 04:50:00,4.4983,0.4973
63 days 05:00:00,4.3568,0.2543
63 days 05:10:00,20.7358,1.5568
63 days 05:20:00,25.1907,2.3077
63 days 05:30:00,6.3678,0.4234
63 days 05:40:00,6.5595,0.6891
63 days 05:50:00,14.9915,1.1873
63 days 06:00:00,16.2892,0.6363
63 days 06:10:00,9.5793,0.5752
63 days 06:20:00,5.2852,0.5722
63 days 06:30:00,3.6281,0.6764
63 days 06:40:00,8.6461,0.5327
63 days 06:50:00,8.329,0.9862
63 days 07:00:00,8.6425,0.3239
63 days 07:10:00,21.4088,1.349
63 days 07:20:00,9.7271,0.6734
63 days 07:30:00,13.3451,0.6528
63 days 07:40:00,8.4237,0.6359
63 days 07:50:00,14.665,0.5125
63 days 08:00:00,8.0847,0.8497
63 days 08:10:00,9.1775,0.3243
63 days 08:20:00,17.6158,1.645
63 days 08:30:00,17.1991,1.1145
63 days 08:40:00,20.7439,1.7374
63 days 08:50:00,10.8207,0.7041
63 days 09:00:00,4.5974,0.3986
63 days 09:10:00,9.0415,0.2546
63 days 09:20:00,11.069,0.4401
63 days 09:30:00,7.6252,0.4092
63 days 09:40:00,5.5828,0.4481
63 days 09:50:00,11.6817,1.0003
63 days 10:00:00,6.4477,0.2026
63 days 10:10:00,17.7462,0.9783
63 days 10:20:00,10.743,0.6596
63 days 10:30:00,23.1245,2.2679
63 days 10:40:00,13.1934,0.8648
63 days 10:50:00,10.1765,1.1885
63 days 11:00:00,16.8098,1.3945
63 days 11:10:00,6.4962,0.2533
63 days 11:20:00,13.4752,0.6104
63 days 11:30:00,8.0821,0.8709
63 days 11:40:00,8.0578,0.6763
63 days 11:50:00,8.6353,0.2759
63 days 12:00:00,14.2965,0.8519
63 days 12:10:00,13.8755,0.8306
63 days 12:20:00,10.9546,0.6916
63 days 12:30:00,10.6616,0.9633
63 days 12:40:00,7.9824,0.5199
63 days 12:50:00,14.1848,0.6005
63 days 13:00:00,3.0219,0.1334
63 days 13:10:00,9.7921,0.8076
63 days 13:20:00,9.0832,0.463
63 days 13:30:00,10.2968,0.371
63 days 13:40:00,13.6641,1.1505
63 days 13:50:00,11.8525,1.2202
63 days 14:00:00,20.5627,1.7911
63 days 14:10:00,9.4488,0.4644
63 days 14:20:00,7.6304,0.3788
63 days 14:30:00,7.0475,0.5281
63 days 14:40:00,9.608,0.6931
63 days 14:50:00,14.3771,1.1784
63 days 15:00:00,7.05,0.3581
63 days 15:10:00,20.0217,1.2067
63 days 15:20:00,4.0986,0.1886
63 days 15:30:00,10.467,0.9843
63 days 15:40:00,11.9498,0.8807
63 days 15:50:00,10.999,0.8482
63 days 16:00:00,12.5126,1.0992
63 days 16:10:00,8.3859,0.8574
63 days 16:20:00,7.2107,0.6012
63 days 16:30:00,8.0056,0.6155
63 days 16:40:00,8.6227,0.6437
63 days 16:50:00,7.369,0.4537
63 days 17:00:00,22.903,1.484
63 days 17:10:00,5.6896,0.3161
63 days 17:20:00,5.4496,0.3465
63 days 17:30:00,8.7082,0.7646
63 days 17:40:00,19.6758,1.5207
63 days 17:50:00,9.0427,0.4873
63 days 18:00:00,9.482,0.8975
63 days 18:10:00,15.0979,1.0051
63 days 18:20:00,8.3544,0.5535
63 days 18:30:00,20.7323,1.3346
63 days 18:40:00,15.2124,0.9053
63 days 18:50:00,16.5894,0.6743
63 days 19:00:00,21.1576,1.5733
63 days 19:10:00,12.5798,0.8619
63 days 19:20:00,14.5979,0.5096
63 days 19:30:00,7.4367,0.2807
63 days 19:40:00,7.5312,0.5092
63 days 19:50:00,16.2823,1.15
63 days 20:00:00,11.0839,1.2719
63 days 20:10:00,4.6757,0.3293
63 days 20:20:00,14.8737,0.8681
63 days 20:30:00,10.6286,0.6807
63 days 20:40:00,12.4453,0.4026
63 days 20:50:00,25.0576,1.586
63 days 21:00:00,11.0282,0.5997
63 days 21:10:00,12.4422,0.6601
63 days 21:20:00,8.672,0.7594
63 days 21:30:00,13.7421,0.8404
63 days 21:40:00,6.5168,0.3287
63 days 21:50:00,4.9607,0.0823
63 days 22:00:00,7.1403,0.6212
63 days 22:10:00,15.104,0.9185
63 days 22:20:00,10.2881,0.8964
63 days 22:30:00,5.2947,0.8031
63 days 22:40:00,6.004,0.5608
63 days 22:50:00,22.0935,2.0225
63 days 23:00:00,5.2721,0.2261
63 days 23:10:00,5.988,0.4574
63 days 23:20:00,3.4109,0.2429
63 days 23:30:00,4.3597,0.5494
63 days 23:40:00,13.4872,0.6922
63 days 23:50:00,15.5555,1.0238
64 days 00:00:00,14.3877,0.4643
64 days 00:10:00,4.4097,0.4272
64 days 00:20:00,11.7113,0.6381
64 days 00:30:00,11.7883,0.8275
64 days 00:40:00,10.8726,0.9531
64 days 00:50:00,6.9684,0.6801
64 days 01:00:00,4.2593,0.2336
64 days 01:10:00,15.4716,1.0143
64 days 01:20:00,10.1936,0.5283
64 days 01:30:00,12.1604,1.157
64 days 01:40:00,15.9585,0.3698
64 days 01:50:00,7.5314,0.8855
64 days 02:00:00,15.0301,0.91
64 days 02:10:00,11.9429,0.5475
64 days 02:20:00,10.2415,0.6867
64 days 02:30:00,10.3652,0.592
64 days 02:40:00,9.1768,0.564
64 days 02:50:00,10.6294,0.2593
64 days 03:00:00,3.2806,0.2658
64 days 03:10:00,5.73,0.3163
64 days 03:20:00,4.1706,0.2652
64 days 03:30:00,12.6082,0.7852
64 days 03:40:00,7.861,0.7449
64 days 03:50:00,13.6203,0.2778
64 days 04:00:00,12.8799,0.5723
64 days 04:10:00,14.5022,0.8709
64 days 04:20:00,11.6465,0.6495
64 days 04:30:00,3.2824,0.0551
64 days 04:40:00,15.0806,0.9859
64 days 04:50:00,4.2809,0.5067
64 days 05:00:00,12.5649,0.2103
64 days 05:10:00,10.4956,0.522
64 days 05:20:00,3.861,0.1755
64 days 05:30:00,7.1761,0.36
64 days 05:40:00,11.5174,0.7089
64 days 05:50:00,18.6187,0.8254
64 days 06:00:00,7.0685,0.5325
64 days 06:10:00,14.8163,0.9662
64 days 06:20:00,10.0945,0.72
64 days 06:30:00,17.939,1.1099
64 days 06:40:00,6.3425,0.738
64 days 06:50:00,13.9446,1.177
64 days 07:00:00,9.3478,0.5912
64 days 07:10:00,8.7053,0.6371
64 days 07:20:00,6.4922,0.7337
64 days 07:30:00,12.2811,0.9282
64 days 07:40:00,10.7969,0.8517
64 days 07:50:00,5.2184,0.4669
64 days 08:00:00,14.3065,0.652
64 days 08:10:00,11.2648,0.2127
64 days 08:20:00,7.2396,0.635
64 days 08:30:00,5.2088,0.2872
64 days 08:40:00,11.2145,0.8343
64 days 08:50:00,10.1524,0.7531
64 days 09:00:00,3.64,0.2643
64 days 09:10:00,6.6851,0.3732
64 days 09:20:00,8.2287,0.8367
64 days 09:30:00,13.6282,0.6348
64 days 09:40:00,9.3903,0.5292
64 days 09:50:00,8.4046,0.3414
64 days 10:00:00,5.7359,0.3833
64 days 10:10:00,7.1469,0.5377
64 days 10:20:00,10.4412,1.3065
64 days 10:30:00,4.6424,0.3343
64 days 10:40:00,6.126,0.5178
64 days 10:50:00,13.0312,0.6555
64 days 11:00:00,15.7856,1.1177
64 days 11:10:00,4.0467,0.0735
64 days 11:20:00,20.9115,1.3822
64 days 11:30:00,12.6524,0.6662
64 days 11:40:00,8.9287,0.3419
64 days 11:50:00,15.6438,0.8473
64 days 12:00:00,17.8456,1.1321
64 days 12:10:00,12.3648,0.9882
64 days 12:20:00,20.7459,1.7471
64 days 12:30:00,19.2636,1.4619
64 days 12:40:00,16.5976,1.0359
64 days 12:50:00,15.0301,1.3549
64 days 13:00:00,16.7645,1.1155
64 days 13:10:00,19.5691,1.1729
64 days 13:20:00,14.8278,0.7269
64 days 13:30:00,16.1672,1.1697
64 days 13:40:00,13.7143,1.3736
64 days 13:50:00,10.8488,0.792
64 days 14:00:00,11.4039,0.71
64 days 14:10:00,5.1381,0.1408
64 days 14:20:00,3.3749,0.5019
64 days 14:30:00,3.8161,0.4165
64 days 14:40:00,11.2674,0.7207
64 days 14:50:00,12.5731,0.3927
64 days 15:00:00,9.7836,0.7129
64 days 15:10:00,7.4328,0.3128
64 days 15:20:00,8.6929,0.59
64 days 15:30:00,17.7057,1.1067
64 days 15:40:00,13.0191,0.9606
64 days 15:50:00,15.8988,1.4421
64 days 16:00:00,10.5588,1.0342
64 days 16:10:00,7.3824,1.021
64 days 16:20:00,8.9344,0.5422
64 days 16:30:00,9.3026,0.8034
64 days 16:40:00,11.5752,0.6712
64 days 16:50:00,11.8516,0.665
64 days 17:00:00,14.0259,0.8616
64 days 17:10:00,13.793,0.986
64 days 17:20:00,9.4088,0.7295
64 days 17:30:00,10.2859,1.3905
64 days 17:40:00,8.6358,0.3653
64 days 17:50:00,8.182,0.1667
64 days 18:00:00,10.3529,0.602
64 days 18:10:00,6.8759,0.3885
64 days 18:20:00,12.1935,0.7937
64 days 18:30:00,8.4076,0.749
64 days 18:40:00,16.5321,1.0326
64 days 18:50:00,18.3099,1.0414
64 days 19:00:00,10.2349,0.7728
64 days 19:10:00,18.0845,1.4794
64 days 19:20:00,9.1196,0.4653
64 days 19:30:00,15.3478,1.0902
64 days 19:40:00,7.2184,0.5267
64 days 19:50:00,15.0505,0.8613
64 days 20:00:00,12.8707,0.8013
64 days 20:10:00,7.9422,0.3862
64 days 20:20:00,12.7289,0.9636
64 days 20:30:00,13.5219,1.0647
64 days 20:40:00,17.257,1.8697
64 days 20:50:00,11.009,0.4588
64 days 21:00:00,13.3187,1.141
64 days 21:10:00,6.3413,0.3103
64 days 21:20:00,10.493,0.713
64 days 21:30:00,16.9464,1.0225
64 days 21:40:00,4.0566,0.6007
64 days 21:50:00,6.9732,0.6765
64 days 22:00:00,8.5798,0.7193
64 days 22:10:00,9.8374,0.5645
64 days 22:20:00,13.1199,0.78
64 days 22:30:00,14.2329,0.7317
64 days 22:40:00,5.4855,0.1652
64 days 22:50:00,11.6351,0.7061
64 days 23:00:00,13.0792,1.1763
64 days 23:10:00,7.4957,0.4302
64 days 23:20:00,10.911,0.2413
64 days 23:30:00,4.7944,0.385
64 days 23:40:00,11.6284,0.7124
64 days 23:50:00,5.0297,0.4996
65 days 00:00:00,4.3245,0.2263
65 days 00:10:00,14.1841,0.836
65 days 00:20:00,8.5703,0.693
65 days 00:30:00,17.6567,0.4256
65 days 00:40:00,9.8663,0.4001
65 days 00:50:00,3.7722,0.5213
65 days 01:00:00,10.0703,0.5675
65 days 01:10:00,4.6927,0.4904
65 days 01:20:00,8.6125,0.707
65 days 01:30:00,13.5304,0.6225
65 days 01:40:00,12.4349,0.228
65 days 01:50:00,9.8892,0.4532
65 days 02:00:00,12.6267,0.5246
65 days 02:10:00,16.71,0.9822
65 days 02:20:00,7.6655,0.4884
65 days 02:30:00,13.8475,0.763
65 days 02:40:00,3.9267,0.3187
65 days 02:50:00,5.103,0.6743
65 days 03:00:00,11.2539,0.4888
65 days 03:10:00,9.2245,0.2302
65 days 03:20:00,9.8962,0.2849
65 days 03:30:00,8.7045,0.4255
65 days 03:40:00,7.7538,0.1566
65 days 03:50:00,20.7648,1.6402
65 days 04:00:00,10.7584,0.3105
65 days 04:10:00,11.7107,0.2906
65 days 04:20:00,15.8681,1.0127
65 days 04:30:00,2.8509,0.1627
65 days 04:40:00,9.0953,0.8052
65 days 04:50:00,12.538,0.7003
65 days 05:00:00,10.2818,0.4463
65 days 05:10:00,16.1036,1.5224
65 days 05:20:00,14.7172,0.935
65 days 05:30:00,17.7998,1.2425
65 days 05:40:00,10.1208,0.7054
65 days 05:50:00,9.9322,0.5555
65 days 06:00:00,8.6387,0.2217
65 days 06:10:00,8.6935,0.6672
65 days 06:20:00,12.0654,0.827
65 days 06:30:00,6.4466,0.5537
65 days 06:40:00,4.4615,0.2336
65 days 06:50:00,12.7208,1.1891
65 days 07:00:00,9.835,0.4876
65 days 07:10:00,12.332,0.8184
65 days 07:20:00,8.6116,0.4317
65 days 07:30:00,11.2271,0.7541
65 days 07:40:00,13.7667,0.9091
65 days 07:50:00,3.8637,0.2897
65 days 08:00:00,14.0591,0.9524
65 days 08:10:00,9.8139,0.4948
65 days 08:20:00,6.1917,0.4741
65 days 08:30:00,12.6011,0.5281
65 days 08:40:00,13.5765,0.421
65 days 08:50:00,8.9416,0.9539
65 days 09:00:00,8.4981,0.2033
65 days 09:10:00,9.7246,0.2534
65 days 09:20:00,12.2849,0.3367
65 days 09:30:00,10.6483,0.8459
65 days 09:40:00,10.1685,0.7337
65 days 09:50:00,17.9592,0.9768
65 days 10:00:00,4.4434,0.4279
65 days 10:10:00,11.695,1.0681
65 days 10:20:00,8.4105,0.386
65 days 10:30:00,7.6395,0.4871
65 days 10:40:00,7.459,0.4199
65 days 10:50:00,3.6355,0.0945
65 days 11:00:00,15.1153,0.6776
65 days 11:10:00,6.8465,0.2008
65 days 11:20:00,5.9314,0.6998
65 days 11:30:00,8.2668,0.4157
65 days 11:40:00,10.1445,0.6897
65 days 11:50:00,6.2189,0.4083
65 days 12:00:00,7.8652,0.3552
65 days 12:10:00,17.3544,0.8016
65 days 12:20:00,8.0431,0.3338
65 days 12:30:00,5.6722,0.2726
65 days 12:40:00,6.95,0.3374
65 days 12:50:00,9.712,0.1585
65 days 13:00:00,14.7764,0.5719
65 days 13:10:00,4.0905,0.2454
65 days 13:20:00,19.8422,1.5039
65 days 13:30:00,15.9853,1.1521
65 days 13:40:00,11.2759,0.9803
65 days 13:50:00,5.1898,0.23
65 days 14:00:00,4.3561,0.542
65 days 14:10:00,6.6,0.51
65 days 14:20:00,13.3892,1.3779
65 days 14:30:00,16.2907,0.9343
65 days 14:40:00,12.2369,1.0958
65 days 14:50:00,14.898,0.9125
65 days 15:00:00,10.4784,0.6412
65 days 15:10:00,13.5783,0.3894
65 days 15:20:00,22.016,1.5172
65 days 15:30:00,18.6301,1.1312
65 days 15:40:00,8.3995,0.8408
65 days 15:50:00,8.9748,0.4698
65 days 16:00:00,8.3482,0.8044
65 days 16:10:00,10.2606,0.4419
65 days 16:20:00,8.8653,0.3886
65 days 16:30:00,15.2102,0.9524
65 days 16:40:00,5.306,0.184
65 days 16:50:00,13.58,0.7827
65 days 17:00:00,9.2325,0.7512
65 days 17:10:00,11.99,0.4156
65 days 17:20:00,16.6476,0.7611
65 days 17:30:00,18.91,0.7973
65 days 17:40:00,15.1997,1.0408
65 days 17:50:00,5.1499,0.4431
65 days 18:00:00,17.0648,1.2536
65 days 18:10:00,7.6504,0.5028
65 days 18:20:00,13.0177,0.7598
65 days 18:30:00,5.9874,0.3497
65 days 18:40:00,11.1127,0.8374
65 days 18:50:00,15.7114,0.9833
65 days 19:00:00,10.0855,0.5376
65 days 19:10:00,11.4202,0.714
65 days 19:20:00,17.1862,0.9043
65 days 19:30:00,13.5336,0.2281
65 days 19:40:00,3.4955,0.3459
65 days 19:50:00,10.1182,1.0808
65 days 20:00:00,17.3531,0.9192
65 days 20:10:00,17.1492,1.099
65 days 20:20:00,16.7401,1.1622
65 days 20:30:00,15.6114,1.0188
65 days 20:40:00,9.2001,0.4991
65 days 20:50:00,15.5773,1.1385
65 days 21:00:00,5.2821,0.6065
65 days 21:10:00,12.1897,0.7126
65 days 21:20:00,6.7549,0.4482
65 days 21:30:00,11.6821,0.6543
65 days 21:40:00,11.8231,0.8618
65 days 21:50:00,11.7287,0.3805
65 days 22:00:00,5.2854,0.755
65 days 22:10:00,13.3621,0.861
65 days 22:20:00,8.3931,0.2878
65 days 22:30:00,13.3942,0.4798
65 days 22:40:00,5.3948,0.2542
65 days 22:50:00,10.8755,0.731
65 days 23:00:00,15.6761,1.6602
65 days 23:10:00,10.5772,0.6619
65 days 23:20:00,16.6397,1.0997
65 days 23:30:00,14.6874,1.171
65 days 23:40:00,14.2108,0.6707
65 days 23:50:00,11.6315,0.7863
66 days 00:00:00,14.045,0.9444
66 days 00:10:00,9.8051,0.7273
66 days 00:20:00,25.7019,2.0671
66 days 00:30:00,10.4468,0.9411
66 days 00:40:00,9.2697,0.5783
66 days 00:50:00,7.5317,0.1968
66 days 01:00:00,9.36,0.5375
66 days 01:10:00,18.2603,1.0672
66 days 01:20:00,15.7653,1.5182
66 days 01:30:00,8.938,0.5082
66 days 01:40:00,5.6615,0.4159
66 days 01:50:00,10.1454,0.7045
66 days 02:00:00,10.7087,0.5895
66 days 02:10:00,8.3276,0.5683
66 days 02:20:00,12.6143,0.5791
66 days 02:30:00,12.9135,0.8168
66 days 02:40:00,9.1156,0.2389
66 days 02:50:00,14.7439,1.1024
66 days 03:00:00,4.2374,0.161
66 days 03:10:00,10.9329,0.7451
66 days 03:20:00,19.6972,2.2831
66 days 03:30:00,11.1642,0.4973
66 days 03:40:00,12.8371,0.4697
66 days 03:50:00,7.8761,0.1079
66 days 04:00:00,5.0206,0.2608
66 days 04:10:00,8.7387,0.4198
66 days 04:20:00,12.7046,0.4753
66 days 04:30:00,4.9394,0.4688
66 days 04:40:00,11.706,1.0936
66 days 04:50:00,10.5319,0.486
66 days 05:00:00,10.7728,0.432
66 days 05:10:00,6.0569,0.2372
66 days 05:20:00,6.4131,0.5501
66 days 05:30:00,21.0758,1.3983
66 days 05:40:00,18.4854,1.8477
66 days 05:50:00,25.7679,2.114
66 days 06:00:00,17.1184,0.8287
66 days 06:10:00,7.9249,0.6932
66 days 06:20:00,8.5234,0.4423
66 days 06:30:00,9.9523,0.945
66 days 06:40:00,10.4299,0.6797
66 days 06:50:00,12.8383,0.8205
66 days 07:00:00,12.5063,0.5421
66 days 07:10:00,11.332,0.771
66 days 07:20:00,7.0766,0.7935
66 days 07:30:00,13.153,0.9945
66 days 07:40:00,8.81,0.6258
66 days 07:50:00,3.5307,0.5302
66 days 08:00:00,8.3237,0.5912
66 days 08:10:00,3.9584,0.3075
66 days 08:20:00,14.4069,1.1182
66 days 08:30:00,5.9751,0.3537
66 days 08:40:00,11.4835,0.6167
66 days 08:50:00,13.511,0.9961
66 days 09:00:00,8.9534,0.4157
66 days 09:10:00,6.4002,0.4632
66 days 09:20:00,5.238,0.6243
66 days 09:30:00,12.6285,0.5197
66 days 09:40:00,14.1521,1.0352
66 days 09:50:00,12.6347,0.6756
66 days 10:00:00,4.5437,0.1511
66 days 10:10:00,10.3105,0.3613
66 days 10:20:00,6.6909,0.7682
66 days 10:30:00,12.918,0.5918
66 days 10:40:00,10.0633,0.4576
66 days 10:50:00,9.1775,0.4863
66 days 11:00:00,7.5875,0.6386
66 days 11:10:00,7.4168,0.4945
66 days 11:20:00,14.924,1.2054
66 days 11:30:00,9.2411,0.6592
66 days 11:40:00,15.9473,0.7261
66 days 11:50:00,18.7704,1.5352
66 days 12:00:00,8.9417,0.3985
66 days 12:10:00,11.9582,0.6781
66 days 12:20:00,4.5751,0.374
66 days 12:30:00,14.898,0.8408
66 days 12:40:00,10.8362,0.7459
66 days 12:50:00,14.0029,1.1114
66 days 13:00:00,8.2614,0.2487
66 days 13:10:00,13.0686,0.4636
66 days 13:20:00,10.0167,0.5094
66 days 13:30:00,10.865,0.5606
66 days 13:40:00,8.8632,0.6813
66 days 13:50:00,6.4235,0.4488
66 days 14:00:00,16.7385,2.41
66 days 14:10:00,13.0887,1.3741
66 days 14:20:00,18.4032,1.0237
66 days 14:30:00,4.9363,1.1936
66 days 14:40:00,11.9821,0.2852
66 days 14:50:00,4.5219,0.4859
66 days 15:00:00,11.9703,0.6925
66 days 15:10:00,14.2538,0.9978
66 days 15:20:00,4.6731,0.1323
66 days 15:30:00,6.2319,0.6088
66 days 15:40:00,9.0954,0.485
66 days 15:50:00,13.7974,1.1332
66 days 16:00:00,8.9459,0.8627
66 days 16:10:00,4.9271,0.4765
66 days 16:20:00,10.9036,0.9056
66 days 16:30:00,13.1489,0.5566
66 days 16:40:00,17.2916,0.8314
66 days 16:50:00,4.3471,0.1267
66 days 17:00:00,14.8155,0.988
66 days 17:10:00,8.2319,0.5432
66 days 17:20:00,15.8131,1.2603
66 days 17:30:00,8.4547,0.416
66 days 17:40:00,14.3957,0.8967
66 days 17:50:00,14.9201,0.382
66 days 18:00:00,10.1685,1.1708
66 days 18:10:00,17.6109,1.152
66 days 18:20:00,15.455,0.582
66 days 18:30:00,13.7683,0.5016
66 days 18:40:00,6.2615,0.6041
66 days 18:50:00,9.3698,0.4006
66 days 19:00:00,9.4826,0.6908
66 days 19:10:00,19.2309,1.1948
66 days 19:20:00,4.0392,0.2141
66 days 19:30:00,9.2503,0.63
66 days 19:40:00,14.1343,0.817
66 days 19:50:00,9.1594,0.3679
66 days 20:00:00,8.8186,0.3899
66 days 20:10:00,7.7097,0.2839
66 days 20:20:00,5.288,0.5358
66 days 20:30:00,4.3866,0.5036
66 days 20:40:00,6.5058,0.71
66 days 20:50:00,10.2781,0.4179
66 days 21:00:00,22.3954,1.9874
66 days 21:10:00,20.1751,1.3366
66 days 21:20:00,9.7837,0.9268
66 days 21:30:00,15.7945,0.8156
66 days 21:40:00,16.1037,0.2925
66 days 21:50:00,14.2108,0.5923
66 days 22:00:00,12.6058,0.3682
66 days 22:10:00,6.3376,0.405
66 days 22:20:00,12.9142,1.0416
66 days 22:30:00,6.0394,0.4891
66 days 22:40:00,10.6119,0.4701
66 days 22:50:00,9.975,0.5673
66 days 23:00:00,13.3799,0.9386
66 days 23:10:00,8.7455,0.5915
66 days 23:20:00,7.9993,0.7131
66 days 23:30:00,14.7635,0.8076
66 days 23:40:00,11.1328,0.6094
66 days 23:50:00,11.2415,0.575
67 days 00:00:00,16.0763,1.004
67 days 00:10:00,10.9334,0.4484
67 days 00:20:00,13.6911,1.0787
67 days 00:30:00,3.863,0.1898
67 days 00:40:00,14.0199,0.9798
67 days 00:50:00,2.6623,0.1576
67 days 01:00:00,15.5895,1.0925
67 days 01:10:00,11.3032,1.0188
67 days 01:20:00,4.4451,0.2127
67 days 01:30:00,7.8223,1.041
67 days 01:40:00,12.7567,0.5412
67 days 01:50:00,8.7525,0.4604
67 days 02:00:00,15.741,1.2047
67 days 02:10:00,9.5271,0.6176
67 days 02:20:00,11.695,0.9261
67 days 02:30:00,13.2924,0.919
67 days 02:40:00,14.4324,1.038
67 days 02:50:00,18.1511,1.5594
67 days 03:00:00,15.0377,0.6153
67 days 03:10:00,22.6366,1.7621
67 days 03:20:00,6.2749,0.7371
67 days 03:30:00,18.1073,1.3261
67 days 03:40:00,13.8108,0.7954
67 days 03:50:00,17.6088,0.9568
67 days 04:00:00,9.0468,0.5395
67 days 04:10:00,10.8721,0.6276
67 days 04:20:00,10.189,0.5935
67 days 04:30:00,13.5335,0.7288
67 days 04:40:00,11.3971,1.907
67 days 04:50:00,14.688,1.4807
67 days 05:00:00,8.1955,0.1693
67 days 05:10:00,13.5105,1.0118
67 days 05:20:00,12.3128,0.6457
67 days 05:30:00,11.3129,0.6435
67 days 05:40:00,12.267,0.6375
67 days 05:50:00,15.892,0.6998
67 days 06:00:00,5.9454,0.6586
67 days 06:10:00,7.102,0.3006
67 days 06:20:00,11.3441,0.2978
67 days 06:30:00,9.5332,0.5248
67 days 06:40:00,8.1899,0.4905
67 days 06:50:00,5.5435,0.2512
67 days 07:00:00,15.9668,2.4033
67 days 07:10:00,20.5934,2.124
67 days 07:20:00,18.1721,1.7214
67 days 07:30:00,6.0809,0.7618
67 days 07:40:00,20.9649,1.5083
67 days 07:50:00,8.1832,0.6694
67 days 08:00:00,7.7931,0.1274
67 days 08:10:00,11.862,0.3363
67 days 08:20:00,9.057,0.6256
67 days 08:30:00,4.1048,0.3764
67 days 08:40:00,18.5933,1.3392
67 days 08:50:00,9.0061,0.4259
67 days 09:00:00,9.2865,0.7796
67 days 09:10:00,13.4642,0.3899
67 days 09:20:00,12.6273,0.8523
67 days 09:30:00,13.1416,0.8083
67 days 09:40:00,17.3385,0.8764
67 days 09:50:00,17.4706,1.0075
67 days 10:00:00,5.9782,0.6467
67 days 10:10:00,10.5298,0.8463
67 days 10:20:00,9.2436,0.2062
67 days 10:30:00,4.4021,0.3268
67 days 10:40:00,13.1961,0.3974
67 days 10:50:00,14.052,0.7524
67 days 11:00:00,14.7614,0.7499
67 days 11:10:00,10.0718,0.5537
67 days 11:20:00,15.038,0.4676
67 days 11:30:00,13.6122,0.7096
67 days 11:40:00,10.9005,0.3823
67 days 11:50:00,4.5834,0.7128
67 days 12:00:00,10.5997,0.5198
67 days 12:10:00,4.9066,0.3424
67 days 12:20:00,13.3647,0.8047
67 days 12:30:00,6.8787,0.4492
67 days 12:40:00,12.849,0.7985
67 days 12:50:00,4.7969,0.2966
67 days 13:00:00,6.1759,0.3313
67 days 13:10:00,6.1814,0.5061
67 days 13:20:00,8.5114,0.4906
67 days 13:30:00,11.6978,1.0063
67 days 13:40:00,7.8788,0.3484
67 days 13:50:00,9.0219,0.4061
67 days 14:00:00,11.5967,0.3923
67 days 14:10:00,12.5753,0.7981
67 days 14:20:00,6.2658,0.6289
67 days 14:30:00,9.3386,0.3024
67 days 14:40:00,12.1943,0.732
67 days 14:50:00,11.7296,0.9196
67 days 15:00:00,16.0071,1.8222
67 days 15:10:00,8.3788,0.3612
67 days 15:20:00,21.6128,1.3626
67 days 15:30:00,20.5174,1.3523
67 days 15:40:00,12.2306,0.8026
67 days 15:50:00,23.2084,1.6673
67 days 16:00:00,4.6807,0.5756
67 days 16:10:00,18.0877,1.2537
67 days 16:20:00,18.6409,1.4122
67 days 16:30:00,11.0585,0.664
67 days 16:40:00,10.965,0.4512
67 days 16:50:00,11.6843,0.6537
67 days 17:00:00,10.5137,0.7534
67 days 17:10:00,5.0873,0.3276
67 days 17:20:00,8.9514,0.7479
67 days 17:30:00,7.9149,1.1007
67 days 17:40:00,9.7141,0.5763
67 days 17:50:00,9.0027,0.4105
67 days 18:00:00,8.5265,0.8926
67 days 18:10:00,4.0875,0.5139
67 days 18:20:00,4.9742,0.5506
67 days 18:30:00,7.7439,0.8115
67 days 18:40:00,8.027,0.2646
67 days 18:50:00,10.878,0.7036
67 days 19:00:00,14.5504,1.1945
67 days 19:10:00,12.9719,0.2533
67 days 19:20:00,3.7559,0.3415
67 days 19:30:00,10.132,0.1918
67 days 19:40:00,7.5945,0.7116
67 days 19:50:00,15.5225,1.1128
67 days 20:00:00,17.8876,1.0162
67 days 20:10:00,8.2956,0.4477
67 days 20:20:00,12.2147,0.1994
67 days 20:30:00,11.587,0.7086
67 days 20:40:00,17.1559,0.8054
67 days 20:50:00,6.8438,0.684
67 days 21:00:00,7.3763,0.4673
67 days 21:10:00,9.0688,0.5297
67 days 21:20:00,7.8245,0.3986
67 days 21:30:00,6.9295,0.2764
67 days 21:40:00,10.8457,0.6056
67 days 21:50:00,9.755,0.3725
67 days 22:00:00,11.7254,0.3098
67 days 22:10:00,16.2532,1.3554
67 days 22:20:00,15.8005,1.1161
67 days 22:30:00,7.6655,0.4884
67 days 22:40:00,15.8693,0.6774
67 days 22:50:00,11.0274,0.6773
67 days 23:00:00,17.498,0.5965
67 days 23:10:00,3.374,0.2749
67 days 23:20:00,5.0963,0.2526
67 days 23:30:00,18.0147,0.9746
67 days 23:40:00,13.8497,1.0228
67 days 23:50:00,11.3844,1.0219
68 days 00:00:00,4.4736,0.1568
68 days 00:10:00,4.9554,0.6755
68 days 00:20:00,3.9107,0.3709
68 days 00:30:00,4.5035,0.5185
68 days 00:40:00,14.7336,0.5839
68 days 00:50:00,4.6918,0.4858
68 days 01:00:00,21.6627,2.3775
68 days 01:10:00,4.2317,0.3369
68 days 01:20:00,9.3755,0.4308
68 days 01:30:00,13.1235,0.7891
68 days 01:40:00,9.7587,0.4746
68 days 01:50:00,4.5808,0.6249
68 days 02:00:00,3.175,0.1488
68 days 02:10:00,11.8225,0.7289
68 days 02:20:00,12.0598,0.7271
68 days 02:30:00,15.3765,1.2632
68 days 02:40:00,14.0507,0.6312
68 days 02:50:00,27.9115,2.5576
68 days 03:00:00,11.6511,0.9158
68 days 03:10:00,10.8988,0.8017
68 days 03:20:00,15.0505,0.8613
68 days 03:30:00,6.0336,0.3516
68 days 03:40:00,12.1873,0.3992
68 days 03:50:00,11.9011,0.8427
68 days 04:00:00,11.614,0.401
68 days 04:10:00,16.8292,1.3764
68 days 04:20:00,6.661,0.7643
68 days 04:30:00,7.3875,0.4806
68 days 04:40:00,4.396,0.469
68 days 04:50:00,7.3257,0.6346
68 days 05:00:00,8.3293,0.3699
68 days 05:10:00,14.6403,0.5793
68 days 05:20:00,7.2622,0.3616
68 days 05:30:00,4.1889,0.2757
68 days 05:40:00,6.7805,0.1835
68 days 05:50:00,5.3229,0.4249
68 days 06:00:00,3.8971,0.2317
68 days 06:10:00,13.9855,0.5846
68 days 06:20:00,12.489,0.9463
68 days 06:30:00,10.0162,0.5026
68 days 06:40:00,8.5878,0.8619
68 days 06:50:00,5.276,0.4896
68 days 07:00:00,9.1812,0.6492
68 days 07:10:00,13.2751,0.8294
68 days 07:20:00,13.5694,0.7685
68 days 07:30:00,13.3566,1.806
68 days 07:40:00,10.3798,0.6751
68 days 07:50:00,5.7253,0.4124
68 days 08:00:00,5.6606,0.3585
68 days 08:10:00,5.238,0.2975
68 days 08:20:00,8.0742,0.4238
68 days 08:30:00,6.0322,0.9366
68 days 08:40:00,9.6387,0.573
68 days 08:50:00,10.9989,0.9345
68 days 09:00:00,10.8373,0.5923
68 days 09:10:00,5.8508,0.346
68 days 09:20:00,5.1614,0.3341
68 days 09:30:00,14.703,1.1987
68 days 09:40:00,9.2669,0.4251
68 days 09:50:00,13.5303,0.4575
68 days 10:00:00,15.6445,1.3576
68 days 10:10:00,10.1994,0.6597
68 days 10:20:00,9.4849,0.5822
68 days 10:30:00,4.9122,0.3238
68 days 10:40:00,6.4765,0.5512
68 days 10:50:00,9.0094,0.3031
68 days 11:00:00,12.9413,0.9657
68 days 11:10:00,4.7706,0.4432
68 days 11:20:00,11.6648,0.389
68 days 11:30:00,14.5802,0.9109
68 days 11:40:00,6.0526,0.7527
68 days 11:50:00,6.7673,0.6666
68 days 12:00:00,16.3833,1.4313
68 days 12:10:00,8.663,0.5466
68 days 12:20:00,6.4244,0.4218
68 days 12:30:00,5.367,0.363
68 days 12:40:00,8.1266,0.377
68 days 12:50:00,4.6531,0.2432
68 days 13:00:00,8.5489,0.4848
68 days 13:10:00,12.9106,1.2355
68 days 13:20:00,13.3967,0.8411
68 days 13:30:00,10.0467,0.4732
68 days 13:40:00,14.4246,1.0031
68 days 13:50:00,17.3935,1.5664
68 days 14:00:00,5.7347,0.5889
68 days 14:10:00,5.2719,0.7906
68 days 14:20:00,9.584,0.7332
68 days 14:30:00,10.9941,0.9546
68 days 14:40:00,8.6976,1.0541
68 days 14:50:00,15.3302,1.043
68 days 15:00:00,7.776,0.3618
68 days 15:10:00,7.0146,0.4582
68 days 15:20:00,5.2778,0.1591
68 days 15:30:00,22.6363,1.5734
68 days 15:40:00,4.2302,0.2183
68 days 15:50:00,15.5095,1.5531
68 days 16:00:00,14.9633,1.242
68 days 16:10:00,7.703,0.7472
68 days 16:20:00,3.4112,0.2157
68 days 16:30:00,15.5633,0.7331
68 days 16:40:00,12.6628,0.7044
68 days 16:50:00,20.8303,1.5115
68 days 17:00:00,12.5273,0.9524
68 days 17:10:00,12.2982,1.162
68 days 17:20:00,10.619,0.6339
68 days 17:30:00,7.5622,0.4072
68 days 17:40:00,9.5955,0.7354
68 days 17:50:00,14.8576,1.9318
68 days 18:00:00,13.6074,1.0781
68 days 18:10:00,8.0461,0.3904
68 days 18:20:00,17.1226,1.2543
68 days 18:30:00,5.0489,0.5105
68 days 18:40:00,9.5986,0.7799
68 days 18:50:00,9.6574,0.2686
68 days 19:00:00,15.5697,1.0927
68 days 19:10:00,15.4331,1.1171
68 days 19:20:00,6.6302,0.5086
68 days 19:30:00,7.8173,0.4053
68 days 19:40:00,8.2873,0.5728
68 days 19:50:00,4.6582,0.3947
68 days 20:00:00,19.3947,0.9612
68 days 20:10:00,12.192,0.6942
68 days 20:20:00,7.1577,0.4584
68 days 20:30:00,19.6063,1.1388
68 days 20:40:00,11.9161,0.7286
68 days 20:50:00,12.3089,0.5332
68 days 21:00:00,8.3353,0.5112
68 days 21:10:00,9.3592,0.974
68 days 21:20:00,4.8634,0.1869
68 days 21:30:00,8.1157,0.3024
68 days 21:40:00,16.2616,0.9587
68 days 21:50:00,8.3484,0.3967
68 days 22:00:00,15.2413,0.9133
68 days 22:10:00,14.1629,0.9096
68 days 22:20:00,20.9381,1.3417
68 days 22:30:00,17.6173,0.9041
68 days 22:40:00,3.8037,0.2645
68 days 22:50:00,13.094,1.0042
68 days 23:00:00,6.4694,0.7566
68 days 23:10:00,10.3995,0.6684
68 days 23:20:00,7.7403,0.463
68 days 23:30:00,10.4852,0.7584
68 days 23:40:00,6.3192,0.2507
68 days 23:50:00,16.193,1.0152
69 days 00:00:00,10.6059,0.856
69 days 00:10:00,12.5241,0.6225
69 days 00:20:00,6.8923,0.5995
69 days 00:30:00,9.9459,0.2462
69 days 00:40:00,10.3847,0.9632
69 days 00:50:00,4.9604,0.2389
69 days 01:00:00,8.9368,0.6086
69 days 01:10:00,5.7038,0.3762
69 days 01:20:00,9.0076,0.6633
69 days 01:30:00,13.9571,1.5195
69 days 01:40:00,7.3918,0.9995
69 days 01:50:00,6.2455,0.5796
69 days 02:00:00,8.4961,0.2627
69 days 02:10:00,9.5109,0.5982
69 days 02:20:00,16.7647,0.866
69 days 02:30:00,17.2876,1.4138
69 days 02:40:00,9.2423,2.7036
69 days 02:50:00,8.2596,0.7069
69 days 03:00:00,16.8634,0.7047
69 days 03:10:00,13.2543,0.7446
69 days 03:20:00,4.2499,0.4097
69 days 03:30:00,3.5065,0.5205
69 days 03:40:00,13.1369,0.9735
69 days 03:50:00,15.4957,1.919
69 days 04:00:00,8.1068,0.8021
69 days 04:10:00,7.7822,0.3881
69 days 04:20:00,5.4691,0.4461
69 days 04:30:00,13.8451,0.7372
69 days 04:40:00,10.2365,0.9193
69 days 04:50:00,8.4116,0.5042
69 days 05:00:00,7.2179,0.4642
69 days 05:10:00,6.3703,0.6428
69 days 05:20:00,16.7638,1.2096
69 days 05:30:00,6.2314,0.3571
69 days 05:40:00,19.3081,1.7734
69 days 05:50:00,7.619,0.2829
69 days 06:00:00,10.583,0.3474
69 days 06:10:00,8.787,0.3965
69 days 06:20:00,9.6369,0.6702
69 days 06:30:00,10.2407,0.5619
69 days 06:40:00,12.0465,0.9042
69 days 06:50:00,9.645,0.5753
69 days 07:00:00,12.5088,1.0309
69 days 07:10:00,14.3362,1.1625
69 days 07:20:00,12.1496,0.9041
69 days 07:30:00,10.2318,0.6633
69 days 07:40:00,5.4811,0.3144
69 days 07:50:00,5.8536,0.4986
69 days 08:00:00,6.6096,0.5968
69 days 08:10:00,14.2356,0.4701
69 days 08:20:00,10.1115,1.2972
69 days 08:30:00,4.419,0.6281
69 days 08:40:00,19.6389,1.8786
69 days 08:50:00,9.7196,0.8083
69 days 09:00:00,15.0269,0.8038
69 days 09:10:00,15.7504,0.903
69 days 09:20:00,11.6709,0.6306
69 days 09:30:00,8.506,0.6388
69 days 09:40:00,5.8304,0.4317
69 days 09:50:00,11.8758,0.7788
69 days 10:00:00,15.0562,0.6265
69 days 10:10:00,20.6692,1.4313
69 days 10:20:00,4.9909,0.5175
69 days 10:30:00,12.8882,0.5041
